testing: episode: 200, average cost: 0.42

testing: episode: 0, average cost: 0.31488636693063105

testing: method: Danzig, average cost: 0.41610991236233785

testing: method: Steepest-edge, average cost: 0.31488636693063105

testing: episode: 400, average cost: 0.3323916706771175

0.38 0.4 0.4 0.39 0.39 0.39 0.39 0.39 0.5 0.5 	0.42

600	0.41610131337
800	0.32561084
1000	0.5839543




50 ave_test				ave_10_train
0	0.18436283972	44.36		
200	0.227044115	42.12
400	0.187394928	44.18
600	0.22704325	42.12		0.3887
800	0.188280938	44.34		0.75036
1000	0.23455206	40.72		0.75036
Danzig	0.227044115	42.44
step	0.184362839	43.92	

instance
Method	iter	cputime
Danzig	367	67.242327		0.213773
steepest	21	4.18385052	0.67179095
200	357	65.33685994	0.213773
0	11	02.52556371689	0.67179095
400	11	2.36389		0.671791
800	11	2.30790424	0.67179095
600	357	72.5462887	0.213772
1000	364	75.28856778	0.2085



Real
141
steep 	17	5.4647e-5		4.11603498	0.039222
Bland	11	1.1192326e-5	1.126286		0.0398949
Dantzig	25	0.000281907	2.0125		0.0398949
0	15	0.94983545	1.335329		0.031418
200	15	0.94983545	1.398935		0.031418
400


23
steep	21	0.018913		0.128028		0.2484389
Bland	11	0.005044604	0.057015		0.745317
Dnatzig	11	0.0050446044	0.0710194		0.745317
0	21	0.8947422		0.138034		0.248439
800	11	0.8947422		0.07501912	0.745317