1	93.043
2	97.375
3	111.72
4	84.778
5	80.085
6	90.392
7	59.296
8	34.306
9	25.16
10	62.16
11	65.815
12	41.701
13	55.656
14	89.454
15	87.55
16	81.226
17	95.812
18	62.568
19	62.568
20	87.435
21	29.509
22	23.408
23	204.066
24	70.116
25	36.266
26	26.742
27	104.311
28	143.807
29	56.919
30	42.95
31	46.384
32	75.276
33	50.575
34	77.316
35	49.971
36	55.488
37	66.019
38	71.944
39	66.308
40	73.159
41	50.405
42	48.133
43	33.998
44	43.875
45	80.753
46	49.85
47	41.995
48	78.458
49	70.958
50	70.207
51	70.207
52	69.198
53	123.576
54	34.695
55	44.994
56	38.1
57	15.777
58	15.777
59	31.491
60	83.6
61	121.05
62	150.85
63	53.748
64	83.224
65	54.78
66	84.6
67	122.175
68	176.475
69	53.748
70	83.224
71	120.627
72	174.239
73	19
74	22.009
75	28.05
76	35.346
77	58.496
78	41.685
79	44.355
80	77.863
81	28.545
82	20.978
83	45.91
84	19.228
85	39.854
86	41.866
87	28.78
88	21.18
89	21.18
90	21.18
91	66.145
92	26.339
93	26.339
94	26.339
95	22.091
96	23.153
97	41.685
98	44.355
99	77.863
100	111.451
101	41.685
102	44.355
103	77.863
104	111.451
105	45.37
106	47.599
107	47.502
108	54.528
109	84.264
110	121.797
111	94.731
112	73.619
113	73.32
114	75.901
115	72.042
116	45.744
117	45.898
118	20.406
119	24.631
120	62.654
121	75.986
122	39.99
123	64.846
124	33.316
125	33.644
126	41.685
127	44.355
128	77.863
129	26.339
130	26.339
131	26.339
132	26.339
133	26.339
134	81.184
135	115.784
136	26.339
137	26.339
138	26.008
139	20.175
140	41.685
141	44.355
142	77.863
143	111.451
144	83.432
145	53.748
146	83.288
147	41.685
148	44.355
149	77.863
150	27.883
151	45.37
152	79.375
153	136.504
154	41.685
155	44.355
156	77.863
157	134.25
158	25.47
159	42.511
160	45.181
161	79.094
162	136.067
163	44.13
164	50.74
165	45.234
166	46.025
167	26.582
168	37.996
169	136.792
170	45.744
171	48.373
172	39.817
173	39.579
174	60.12
175	20.942
176	20.942
177	20.942
178	20.942
179	38.736
180	47.055
181	47.015
182	47.015
183	47.015
184	45.744
185	45.744
186	19.074
187	63.234
188	63.234
189	46.262
190	83.657
191	81.985
192	67.013
193	77.256
194	41.157
195	36.201
196	53.516
197	44.88
198	44.88
199	57.698
200	57.8
201	79.925
202	60.371
203	20.942
204	38.736
205	20.942
206	38.736
207	20.942
208	38.736
209	45.921
210	80.196
211	71.97
212	42.083
213	42.932
214	75.742
215	42.749
216	44.822
217	47.492
218	82.537
219	74.126
220	41.685
221	44.355
222	77.863
223	26.17
224	19.55
225	43.557
226	46.227
227	80.652
228	22.227
229	38.746
230	59.401
231	112.456
232	79.818
233	69.981
234	32.475
235	46.393
236	45.784
237	45.784
238	35.379
239	28.489
240	40.698
241	45.784
242	45.784
243	35.379
244	49.837
245	23.167
246	23.167
247	68.893
248	34.819
249	41.762
250	54.3
251	79.682
252	151.932
253	151.932
254	160.896
255	67.04
256	123.25
257	173.832
258	156
259	265.2
260	17.721
261	64.806
262	86.408
263	53.76
264	36.08
265	21.744
266	45.744
267	45.744
268	19.074
269	63.234
270	30.622
271	47.945
272	20.68
273	18.752
274	41.813
275	44.483
276	78.053
277	94.059
278	30.659
279	47.695
280	21.775
281	41.685
282	44.355
283	77.863
284	93.877
285	21.744
286	45.744
287	45.744
288	19.074
289	63.234
290	36.08
291	59.253
292	21.744
293	45.744
294	45.744
295	19.609
296	70.278
297	39.193
298	41.211
299	41.211
300	27.106
301	61.149
302	60.061
303	68.187
304	55.36
305	45.546
306	57.771
307	56.326
308	63.234
309	46.566
310	45.9
311	47.015
312	49.292
313	49.674
314	47.015
315	20.942
316	65.816
317	20.942
318	65.816
319	20.942
320	65.816
321	63.234
322	63.234
323	56.473
324	63.234
325	40.876
326	39.044
327	40.591
328	107.19
329	64.314
330	107.19
331	50.964
332	51.471
333	74.03
334	16.707
335	38.152
336	119.478
337	54.581
338	45.946
339	28.794
340	45.744
341	48.755
342	48.198
343	35.676
344	50.966
345	38.009
346	38.009
347	58.218
348	106.45
349	45.541
350	40.277
351	39.091
352	39.603
353	39.115
354	40.115
355	40.079
356	40.591
357	36.978
358	11.095
359	45.566
360	36.594
361	27.217
362	29.01
363	34.561
364	28.801
365	55.7
366	108.91
367	71.349
368	13.237
369	25.129
370	28.228
371	45.016
372	37.666
373	0
374	0
375	0
376	58.743
377	66.572
378	66.946
379	91.118
380	84.146
381	57.655
382	44.553
383	0
384	0
385	59.854
386	23.983
387	48.951
388	73.193
389	74.496
390	88.716
391	57.42
392	139.194
393	161.025
394	64.331
395	43.851
396	57.453
397	41.998
398	42.874
399	58.167
400	43.272
401	67.723
402	68.955
403	46.231
404	87.694
405	66.021
406	112.57
407	81.622
408	89.074
409	63.01
410	73.096
411	68.601
412	56.968
413	68.232
414	35.528
415	55.272
416	18.746
417	39.56
418	114.408
419	140.796
420	115.212
421	156.168
422	83.316
423	104.22
424	64.896
425	55.765
426	64.174
427	15.33
428	17.61
429	47.868
430	20.514
431	36.984
432	55.109
433	47.398
434	46.529
435	35.207
436	35.207
437	35.207
438	55.394
439	54.431
440	37.162
441	38.454
442	52.872
443	45.551
444	52.853
445	54.493
446	84.787
447	82.729
448	57.511
449	87.167
450	85.037
451	33.192
452	27.446
453	47.439
454	35.822
455	35.908
456	33.611
457	48.09
458	42.252
459	34.348
460	34.663
461	28.39
462	31.756
463	45.065
464	53.252
465	53.252
466	53.252
467	53.252
468	81.228
469	58.02
470	38.7
471	84.936
472	48.402
473	75.102
474	53.252
475	39.301
476	17.991
477	17.991
478	87.885
479	112.941
480	87.843
481	84.936
482	150.48
483	53.252
484	53.252
485	53.252
486	53.252
487	44.661
488	44.661
489	25.084
490	40.579
491	17.991
492	17.991
493	30.255
494	44.661
495	17.991
496	17.991
497	75.222
498	125.38
499	18.978
500	19.062
501	19.062
502	19.062
503	19.062
504	45.744
505	53.816
506	45.744
507	45.744
508	45.744
509	19.074
510	19.074
511	19.074
512	19.074
513	45.744
514	53.816
515	45.744
516	45.744
517	45.744
518	19.074
519	19.074
520	19.074
521	45.744
522	19.074
523	45.744
524	53.816
525	45.744
526	45.744
527	45.744
528	19.074
529	121.54
530	97.232
531	126.38
532	62.505
533	38.275
534	84.179
535	84.179
536	84.179
537	75.64
538	84.179
539	75.24
540	52.668
541	48.256
542	81.288
543	63.224
544	125.152
545	84.918
546	84.918
547	150.456
548	54.77
549	44.661
550	44.661
551	44.661
552	17.991
553	120.4
554	144.564
555	103.177
556	96.376
557	96.376
558	96.376
559	120.47
560	26.582
561	26.582
562	29.252
563	53.252
564	53.252
565	34.943
566	21.527
567	19.116
568	26.558
569	37.37
570	37.969
571	35.249
572	48.416
573	52.645
574	40.542
575	40.758
576	19.206
577	31.458
578	31.569
579	47.876
580	50.609
581	57.621
582	38.896
583	35.734
584	53.359
585	56.125
586	70.877
587	44.395
588	28.809
589	23.262
590	46.999
591	39.587
592	58.976
593	45.286
594	60.055
595	51.383
596	36.17
597	15.167
598	19.884
599	21.312
600	35.099
601	11.699
602	12.353
603	39.876
604	39.043
605	30.016
606	30.016
607	26.681
608	28.857
609	16.993
610	23.808
611	45.33
612	51.846
613	69.564
614	80.16
615	38.022
616	109.584
617	109.08
618	55.003
619	68.399
620	62.237
621	67.056
622	70.448
623	50.048
624	32.155
625	24.837
626	65.356
627	38.998
628	71.893
629	33.998
630	33.998
631	63.332
632	18.45
633	51.984
634	50.256
635	56.896
636	165.841
637	173.992
638	36.49
639	81.447
640	50.473
641	43.664
642	83.444
643	57.817
644	67.082
645	63.971
646	76.024
647	29.554
648	63.138
649	63.197
650	34.48
651	43.416
652	61.392
653	67.56
654	50.752
655	70.184
656	35.102
657	75.294
658	76.939
659	72.795
660	53.754
661	64.23
662	54.852
663	79.88
664	79.504
665	72.842
666	89.33
667	47.039
668	97.788
669	64.872
670	102.492
671	30.438
672	51.182
673	44.972
674	37.675
675	41.963
676	74.124
677	84.256
678	91.176
679	53.971
680	27.657
681	31.443
682	77.894
683	66.665
684	72.037
685	48.977
686	42.899
687	58.403
688	81.8
689	34.449
690	46.809
691	26.353
692	32.482
693	36.677
694	19.085
695	18.482
696	20.955
697	59.028
698	48.653
699	59.548
700	160.504
701	70.182
702	79.212
703	103.723
704	83.258
705	120.58
706	192.31
707	30
708	30
709	30
710	30
711	34.463
712	30.816
713	63.327
714	59.983
715	81.586
716	84.442
717	93.866
718	110.966
719	76.608
720	92.574
721	90.402
722	79.312
723	17.578
724	60.85
725	49.266
726	63.767
727	41.046
728	35.98
729	55.651
730	21.717
731	21.733
732	40.56
733	35.923
734	49.202
735	57.885
736	63.161
737	25.581
738	72.388
739	74.594
740	55.343
741	65.11
742	50.06
743	46.023
744	63.512
745	55.893
746	28.081
747	60.102
748	82.673
749	63.883
750	75.157
751	47.223
752	28.781
753	30
754	15
755	15
756	30
757	30
758	30
759	28.11
760	56.95
761	41.12
762	43.97
763	47.89
764	60.49
765	31.118
766	16.993
767	33.668
768	69.414
769	28.246
770	42.61
771	15
772	15
773	21.294
774	29.334
775	15.555
776	36.156
777	15.003
778	13.319
779	15
780	15
781	66.18
782	47.676
783	15.003
784	16.038
785	44.752
786	25.16
787	69.34
788	89.419
789	15
790	15
791	30.002
792	14.994
793	28.595
794	15.048
795	16.66
796	15
797	15
798	28.8
799	40.68
800	29.83
801	15
802	27.29
803	15
804	15
805	23.565
806	15
807	93.423
808	15
809	12.77
810	15
811	66.37
812	47
813	40.96
814	68.24
815	30.06
816	10.213
817	12.07
818	27.665
819	54.87
820	30.558
821	49.83
822	66.41
823	107.35
824	53.138
825	35.816
826	15
827	15
828	10.94
829	30
830	30
831	55.062
832	15
833	58.284
834	15
835	15
836	15
837	15
838	15
839	15
840	60.144
841	15
842	15
843	15
844	40.818
845	15
846	15.003
847	18.054
848	25.335
849	19.21
850	15
851	15.922
852	10.81
853	15
854	15
855	15
856	19.696
857	15
858	35.4
859	35
860	15
861	81.41
862	81.41
863	45.256
864	45.256
865	23.352
866	28.064
867	28.064
868	19.784
869	28.99
870	58.14
871	59.56
872	33.58
873	30
874	30
875	15.002
876	30.004
877	30.004
878	30
879	30
880	30
881	30
882	30.004
883	19.55
884	15
885	64.86
886	15
887	15
888	30.004
889	30.004
890	29.997
891	18.86
892	23.37
893	30
894	30
895	55.47
896	43.05
897	44.625
898	15
899	75.705
900	30
901	34
902	74.349
903	30
904	34.308
905	30
906	55.258
907	16.09
908	46.48
909	19.752
910	17.545
911	44.242
912	44.638
913	27.775
914	42.075
915	36.124
916	21.285
917	18.905
918	21.525
919	19.8
920	24.25
921	26.58
922	24.93
923	16.86
924	15
925	16.61
926	15
927	24.27
928	16.195
929	23.27
930	183.425
931	15
932	14.996
933	18.014
934	34.52
935	10.606
936	12.127
937	15.925
938	15
939	15.001
940	15
941	36.502
942	60.201
943	28.7
944	12.93
945	15
946	41.07
947	27.468
948	24.856
949	30.745
950	15.52
951	30.784
952	20.941
953	53.467
954	36.635
955	70.107
956	11.275
957	29.715
958	41.325
959	30
960	39.248
961	66.198
962	77.603
963	45.276
964	55.788
965	41.86
966	50.248
967	56.376
968	15
969	15.004
970	82.07
971	37.906
972	63.481
973	31.92
974	21.296
975	45.656
976	15
977	15.001
978	15
979	15
980	15
981	15
982	21.49
983	15
984	15
985	22.72
986	15
987	26.75
988	15
989	56.288
990	18.172
991	30
992	15
993	30
994	15
995	89.04
996	66.096
997	92.708
998	38.6
999	80.18
1000	91.212
1001	34.596
1002	69.4
1003	84.324
1004	15.001
1005	29.694
1006	15.001
1007	15.001
1008	29.997
1009	42.496
1010	42.93
1011	22.62
1012	50.92
1013	33.17
1014	15.001
1015	19.8
1016	42.085
1017	14.991
1018	27.284
1019	15.542
1020	15
1021	26.496
1022	30
1023	16.1
1024	15
1025	15
1026	15
1027	15
1028	32.42
1029	15
1030	25.848
1031	15
1032	15
1033	15
1034	15
1035	30
1036	15
1037	15.001
1038	27.96
1039	18.305
1040	15.001
1041	15
1042	39.704
1043	27.472
1044	43.784
1045	15
1046	40.488
1047	15
1048	21.987
1049	53.52
1050	62.24
1051	15.996
1052	58.721
1053	66.449
1054	88.171
1055	129.434
1056	67.07
1057	99.452
1058	140.791
1059	17.666
1060	81.234
1061	24.847
1062	45.942
1063	35.598
1064	84.571
1065	73.006
1066	35.937
1067	51.739
1068	27.268
1069	46.939
1070	44.412
1071	50.917
1072	46.546
1073	55.794
1074	41.652
1075	68.272
1076	81.743
1077	70.128
1078	0
1079	62.28
1080	0
1081	46.181
1082	93.238
1083	86.098
1084	58.262
1085	58.548
1086	58.743
1087	72.165
1088	63.274
1089	57.077
1090	51.909
1091	59.355
1092	65.45
1093	61.962
1094	30.831
1095	57.392
1096	86.173
1097	63.528
1098	67.481
1099	73.958
1100	60.435
1101	73.363
1102	41.787
1103	65.832
1104	73.608
1105	90.672
1106	46.722
1107	66.894
1108	37.74
1109	72.553
1110	48.919
1111	31.232
1112	29.825
1113	68.728
1114	56.216
1115	45.517
1116	44.31
1117	54.561
1118	52.258
1119	43.681
1120	50.575
1121	45.245
1122	59.131
1123	74.613
1124	53.366
1125	76.449
1126	60.863
1127	47.909
1128	52.623
1129	71.74
1130	45.305
1131	42.882
1132	48.883
1133	52.6
1134	59.176
1135	59.024
1136	76.26
1137	83.472
1138	76.552
1139	98.672
1140	91.632
1141	70.896
1142	37.82
1143	77.442
1144	84.894
1145	18.456
1146	34.02
1147	23.259
1148	87.806
1149	48.058
1150	47.298
1151	95.063
1152	33.782
1153	50.442
1154	34.47
1155	48.249
1156	89.8
1157	68.554
1158	85.816
1159	57.408
1160	78.152
1161	28.225
1162	28.225
1163	40.839
1164	40.839
1165	40.839
1166	40.839
1167	60.966
1168	69.804
1169	31.518
1170	62.256
1171	61.728
1172	142.117
1173	67.333
1174	95.187
1175	22.614
1176	19.578
1177	19.077
1178	40.528
1179	49.793
1180	19.146
1181	16.127
1182	15.439
1183	68.501
1184	52.4
1185	45.78
1186	70.182
1187	83.932
1188	81.63
1189	103.147
1190	133.579
1191	105.456
1192	119.329
1193	52.037
1194	131.366
1195	37.479
1196	60.984
1197	64.879
1198	37.829
1199	24.35
1200	48.317
1201	27.26
1202	62.13
1203	74.818
1204	73.194
1205	41.922
1206	46.698
1207	50.892
1208	33
1209	33
1210	59.67
1211	64.634
1212	42.112
1213	62.551
1214	24.976
1215	51.646
1216	64.107
1217	63.09
1218	17.004
1219	96.852
1220	84.042
1221	83.544
1222	31.45
1223	17.377
1224	37.105
1225	36.646
1226	36.646
1227	63.316
1228	15.023
1229	12.353
1230	32.235
1231	38.992
1232	38.992
1233	44.489
1234	89.284
1235	69.34
1236	78.436
1237	69.676
1238	73.732
1239	42.196
1240	44.428
1241	81.366
1242	54.354
1243	20.022
1244	43.665
1245	51.09
1246	53.485
1247	104.927
1248	76.144
1249	58.64
1250	54.678
1251	94.068
1252	69.136
1253	32.376
1254	55.162
1255	48.45
1256	120.889
1257	28.3
1258	81.82
1259	24.564
1260	67.116
1261	25.884
1262	39.654
1263	43.014
1264	24.354
1265	37.867
1266	95.047
1267	99.528
1268	27.303
1269	89.917
1270	107.128
1271	22.025
1272	22.025
1273	22.025
1274	17.479
1275	44.149
1276	26.11
1277	44.863
1278	44.149
1279	44.708
1280	28.001
1281	10.662
1282	33.731
1283	25.78
1284	20.213
1285	22.567
1286	28.823
1287	15.313
1288	20.666
1289	21.083
1290	24.763
1291	36.697
1292	39.468
1293	25.84
1294	10.653
1295	14.019
1296	22.298
1297	24.814
1298	22.678
1299	19.561
1300	19.561
1301	19.561
1302	33.398
1303	76.117
1304	106.95
1305	32.64
1306	57.366
1307	49.827
1308	43.086
1309	39.321
1310	68.714
1311	72.734
1312	52.003
1313	54.663
1314	55.131
1315	48.943
1316	20
1317	13.766
1318	55.336
1319	34.335
1320	45.232
1321	18.276
1322	41.947
1323	63.945
1324	64.234
1325	79.874
1326	47.736
1327	67.473
1328	82.96
1329	14
1330	28.658
1331	20
1332	44.661
1333	87.1
1334	44.661
1335	87.1
1336	31.668
1337	26.582
1338	49.405
1339	84.171
1340	112.194
1341	69.496
1342	107.227
1343	58.947
1344	53.308
1345	48.356
1346	93.483
1347	53.635
1348	75.977
1349	54.74
1350	76.398
1351	54.233
1352	58.474
1353	58.474
1354	44.101
1355	28.512
1356	28.512
1357	35.779
1358	36.468
1359	36.468
1360	39.094
1361	39.808
1362	29.761
1363	29.761
1364	39.078
1365	45.654
1366	24.879
1367	29.579
1368	28.856
1369	87.465
1370	62.636
1371	66.045
1372	65.807
1373	67.991
1374	41.573
1375	59.559
1376	43.214
1377	47.447
1378	30.413
1379	27.449
1380	22.069
1381	17.343
1382	21.695
1383	22.06
1384	22.06
1385	47.278
1386	64.302
1387	36.029
1388	42.109
1389	56.931
1390	56.096
1391	38.342
1392	47.379
1393	46.339
1394	49.283
1395	59.14
1396	48.152
1397	47.041
1398	86.393
1399	147.749
1400	114
1401	128.915
1402	19
1403	69.36
1404	62.024
1405	33.056
1406	53.515
1407	57.774
1408	52.462
1409	65.582
1410	64.132
1411	54.553
1412	66.779
1413	57.627
1414	61.276
1415	91.817
1416	82.168
1417	76.072
1418	75.174
1419	73.975
1420	40.222
1421	69.836
1422	62.72
1423	64.319
1424	47.166
1425	62.024
1426	13.501
1427	57.383
1428	60.426
1429	60.63
1430	96.211
1431	46.452
1432	49.487
1433	49.028
1434	75.607
1435	52.241
1436	78.361
1437	53.048
1438	58.888
1439	40.817
1440	42.891
1441	37.272
1442	17
1443	24.457
1444	24.33
1445	29.056
1446	30.237
1447	26.574
1448	26.999
1449	42.143
1450	35.045
1451	28.619
1452	44.132
1453	39.244
1454	40.434
1455	30.141
1456	56.873
1457	45.339
1458	53.966
1459	39.856
1460	41.548
1461	35.248
1462	71.441
1463	97.376
1464	28.937
1465	58.59
1466	32.357
1467	26.797
1468	27.512
1469	61.222
1470	26.434
1471	61.655
1472	64.442
1473	66.595
1474	70.546
1475	62.602
1476	60.762
1477	40.41
1478	70.253
1479	74.358
1480	39.69
1481	27.906
1482	57.342
1483	36.173
1484	31.914
1485	54.03
1486	57.486
1487	72.51
1488	71.238
1489	46.362
1490	48.066
1491	51.918
1492	28.12
1493	19
1494	42.636
1495	65.198
1496	55.88
1497	59.631
1498	43.596
1499	56.675
1500	36.482
1501	49.827
1502	51.316
1503	56.358
1504	39.627
1505	51.515
1506	42.78
1507	44.86
1508	44.548
1509	48.991
1510	40.664
1511	46.532
1512	48.016
1513	69.249
1514	79.976
1515	55.624
1516	62.857
1517	77.656
1518	33.045
1519	30
1520	31.645
1521	81.994
1522	43.192
1523	118.338
1524	48.849
1525	174.54
1526	39.431
1527	32.334
1528	34.459
1529	56.44
1530	37.663
1531	41.718
1532	74.196
1533	64.897
1534	47.566
1535	53.388
1536	37.323
1537	56.023
1538	56.023
1539	56.023
1540	13.994
1541	134.938
1542	142.002
1543	106.248
1544	56.324
1545	43.146
1546	37.842
1547	62.648
1548	37.672
1549	47.328
1550	47.472
1551	61.948
1552	84.874
1553	78.404
1554	85.282
1555	116.705
1556	76.211
1557	75.497
1558	95.768
1559	15
1560	23.055
1561	15.687
1562	26.582
1563	29.252
1564	23.035
1565	79.968
1566	87.456
1567	56.664
1568	71.616
1569	73.56
1570	31.398
1571	107.42
1572	44.814
1573	75.98
1574	93.18
1575	24
1576	24
1577	26.67
1578	26.67
1579	26.67
1580	26.67
1581	26.67
1582	20
1583	20
1584	26.67
1585	26.67
1586	24
1587	24
1588	24
1589	26.67
1590	24
1591	26.67
1592	24
1593	26.67
1594	24
1595	26.67
1596	26.67
1597	26.67
1598	26.67
1599	26.67
1600	24
1601	24
1602	26.67
1603	26.67
1604	26.67
1605	26.67
1606	24
1607	26.67
1608	26.67
1609	26.67
1610	26.67
1611	26.67
1612	26.67
1613	26.67
1614	26.67
1615	26.67
1616	26.67
1617	24
1618	24
1619	24
1620	26.67
1621	24
1622	24
1623	24
1624	24
1625	24
1626	24
1627	26.67
1628	24
1629	26.67
1630	26.67
1631	26.67
1632	26.67
1633	26.67
1634	26.67
1635	26.67
1636	20
1637	20
1638	26.67
1639	24
1640	24
1641	26.67
1642	26.67
1643	26.67
1644	26.67
1645	26.67
1646	24
1647	24
1648	26.67
1649	26.67
1650	26.67
1651	26.67
1652	26.67
1653	24
1654	24
1655	24
1656	24
1657	26.67
1658	24
1659	26.67
1660	24
1661	24
1662	26.67
1663	24
1664	24
1665	24
1666	26.67
1667	24
1668	24
1669	24
1670	26.67
1671	26.67
1672	24
1673	24
1674	24
1675	20
1676	20
1677	26.67
1678	26.67
1679	26.67
1680	26.67
1681	24
1682	26.67
1683	26.67
1684	26.67
1685	26.67
1686	24
1687	20
1688	20
1689	20
1690	20
1691	26.67
1692	26.67
1693	24
1694	26.67
1695	24
1696	26.67
1697	24
1698	24
1699	24
1700	24
1701	26.67
1702	24
1703	24
1704	24
1705	26.67
1706	24
1707	24
1708	24
1709	26.67
1710	24
1711	24
1712	26.67
1713	26.67
1714	26.67
1715	24
1716	24
1717	48
1718	26.67
1719	26.67
1720	26.67
1721	26.67
1722	24
1723	20
1724	24
1725	26.67
1726	24
1727	26.67
1728	26.67
1729	26.67
1730	24
1731	24
1732	24
1733	26.67
1734	26.67
1735	24
1736	24
1737	24
1738	26.67
1739	20
1740	24
1741	26.67
1742	20
1743	20
1744	26.67
1745	26.67
1746	26.67
1747	26.67
1748	26.67
1749	26.67
1750	26.67
1751	53.34
1752	26.67
1753	24
1754	26.67
1755	53.34
1756	26.67
1757	26.67
1758	26.67
1759	26.67
1760	26.67
1761	26.67
1762	26.67
1763	26.67
1764	26.67
1765	26.67
1766	26.67
1767	26.67
1768	24
1769	26.67
1770	24
1771	24
1772	26.67
1773	26.67
1774	26.67
1775	26.67
1776	26.67
1777	26.67
1778	26.67
1779	26.67
1780	26.67
1781	26.67
1782	26.67
1783	26.67
1784	26.67
1785	26.67
1786	26.67
1787	26.67
1788	26.67
1789	26.67
1790	26.67
1791	26.67
1792	26.67
1793	26.67
1794	26.67
1795	26.67
1796	26.67
1797	26.67
1798	24
1799	26.67
1800	26.67
1801	26.67
1802	24
1803	26.67
1804	24
1805	26.67
1806	26.67
1807	26.67
1808	29.34
1809	26.67
1810	26.67
1811	24
1812	26.67
1813	26.67
1814	26.67
1815	26.67
1816	26.67
1817	26.67
1818	26.67
1819	26.67
1820	26.67
1821	26.67
1822	26.67
1823	26.67
1824	26.67
1825	26.67
1826	26.67
1827	26.67
1828	26.67
1829	26.67
1830	26.67
1831	26.67
1832	26.67
1833	26.67
1834	26.67
1835	26.67
1836	26.67
1837	48
1838	24
1839	24
1840	26.67
1841	24
1842	26.67
1843	26.67
1844	26.67
1845	26.67
1846	26.67
1847	20
1848	20
1849	26.67
1850	26.67
1851	26.67
1852	26.67
1853	26.67
1854	26.67
1855	26.67
1856	26.67
1857	20
1858	20
1859	26.67
1860	26.67
1861	26.67
1862	26.67
1863	26.67
1864	26.67
1865	26.67
1866	26.67
1867	26.67
1868	26.67
1869	26.67
1870	26.67
1871	26.67
1872	29.34
1873	26.66
1874	24
1875	24
1876	24
1877	24
1878	13.33
1879	13.33
1880	24
1881	24
1882	24
1883	24
1884	26.67
1885	14.67
1886	14.67
1887	14.67
1888	14.67
1889	14.67
1890	14.67
1891	14.67
1892	24
1893	26.67
1894	24
1895	26.67
1896	26.67
1897	26.67
1898	26.67
1899	26.67
1900	24
1901	26.67
1902	26.67
1903	26.67
1904	24
1905	24
1906	24
1907	24
1908	26.67
1909	26.67
1910	26.67
1911	26.67
1912	26.67
1913	20
1914	20
1915	20
1916	26.67
1917	26.67
1918	26.67
1919	26.67
1920	26.67
1921	26.67
1922	24
1923	24
1924	26.67
1925	26.67
1926	26.67
1927	26.67
1928	26.67
1929	26.67
1930	26.67
1931	26.67
1932	24
1933	24
1934	24
1935	24
1936	24
1937	26.67
1938	26.67
1939	24
1940	26.67
1941	26.67
1942	24
1943	24
1944	26.67
1945	26.67
1946	26.67
1947	26.67
1948	26.67
1949	26.67
1950	48
1951	48
1952	26.67
1953	26.67
1954	26.67
1955	26.67
1956	26.67
1957	26.67
1958	26.67
1959	26.67
1960	26.67
1961	26.67
1962	26.67
1963	26.67
1964	26.67
1965	26.67
1966	24
1967	26.67
1968	26.67
1969	26.67
1970	26.67
1971	20
1972	20
1973	20
1974	20
1975	20
1976	20
1977	20
1978	26.67
1979	26.67
1980	26.67
1981	26.67
1982	26.67
1983	26.67
1984	26.67
1985	26.67
1986	20
1987	26.67
1988	26.67
1989	26.67
1990	26.67
1991	26.67
1992	26.67
1993	26.67
1994	26.67
1995	26.67
1996	26.67
1997	26.67
1998	26.67
1999	29.34
2000	26.67
2001	26.67
2002	26.67
2003	26.67
2004	26.67
2005	26.67
2006	26.67
2007	26.67
2008	26.67
2009	26.67
2010	26.67
2011	26.67
2012	26.67
2013	26.67
2014	26.67
2015	26.67
2016	26.67
2017	26.67
2018	26.67
2019	26.67
2020	26.67
2021	26.67
2022	26.67
2023	26.67
2024	26.67
2025	26.67
2026	26.67
2027	26.67
2028	26.67
2029	26.67
2030	26.67
2031	26.67
2032	26.67
2033	26.67
2034	26.67
2035	26.67
2036	26.67
2037	26.67
2038	26.67
2039	26.67
2040	26.67
2041	26.67
2042	26.67
2043	26.67
2044	26.67
2045	26.67
2046	20
2047	26.67
2048	26.67
2049	26.67
2050	26.67
2051	26.67
2052	26.67
2053	26.67
2054	26.67
2055	26.67
2056	26.67
2057	20
2058	26.67
2059	26.67
2060	26.67
2061	26.67
2062	26.67
2063	26.67
2064	26.67
2065	26.67
2066	26.67
2067	26.67
2068	26.67
2069	26.67
2070	26.67
2071	26.67
2072	26.67
2073	26.67
2074	26.67
2075	26.67
2076	26.67
2077	26.67
2078	26.67
2079	24
2080	26.67
2081	26.67
2082	26.67
2083	13.33
2084	13.33
2085	26.67
2086	13.33
2087	13.33
2088	13.33
2089	13.33
2090	13.33
2091	13.33
2092	26.67
2093	26.67
2094	26.67
2095	26.67
2096	26.67
2097	26.67
2098	24
2099	24
2100	24
2101	24
2102	24
2103	24
2104	14.67
2105	14.67
2106	14.67
2107	26.67
2108	24
2109	24
2110	24
2111	26.67
2112	24
2113	26.67
2114	137.5
2115	155.7
2116	170.24
2117	166.87
2118	162.57
2119	190.94
2120	127.28
2121	166.39
2122	122.7
2123	201.825
2124	211.85
2125	180.5
2126	149.04
2127	181.21
2128	174.72
2129	180.7
2130	188.382
2131	170.15
2132	157.404
2133	157.404
2134	158.59
2135	94.617
2136	199.182
2137	179.361
2138	179.361
2139	132.4
2140	118.95
2141	65.15
2142	158.55
2143	131.4
2144	117.825
2145	159.582
2146	132.776
2147	186.27
2148	174.72
2149	156.434
2150	160.786
2151	171.643
2152	171.643
2153	171.643
2154	164.273
2155	171.645
2156	171.645
2157	171.645
2158	171.645
2159	168.401
2160	168.498
2161	158.802
2162	131.736
2163	166.381
2164	174.652
2165	174.431
2166	172.748
2167	137.344
2168	147.363
2169	186.684
2170	186.356
2171	164.273
2172	164.273
2173	134.816
2174	100.216
2175	171.645
2176	171.645
2177	132.568
2178	159.582
2179	170.63
2180	136.625
2181	171.645
2182	171.645
2183	170.819
2184	170.819
2185	136.906
2186	169.26
2187	167.305
2188	170.895
2189	183.118
2190	183.458
2191	155.88
2192	171.983
2193	171.983
2194	172.945
2195	172.985
2196	172.985
2197	174.652
2198	174.652
2199	174.652
2200	149.666
2201	173.912
2202	191.58
2203	187.2
2204	187.2
2205	172.12
2206	172
2207	153.755
2208	171.983
2209	150.378
2210	171.983
2211	150.378
2212	171.983
2213	150.378
2214	170.079
2215	135.804
2216	171.247
2217	173.068
2218	168.508
2219	168.508
2220	133.463
2221	171.645
2222	169.773
2223	169.773
2224	135.348
2225	155.142
2226	193.607
2227	174.594
2228	174.594
2229	199.302
2230	174.594
2231	174.594
2232	168.804
2233	168.804
2234	168.804
2235	190.258
2236	133.648
2237	79.104
2238	172.96
2239	90.08
2240	66.168
2241	180.398
2242	174.652
2243	174.652
2244	161.968
2245	171.517
2246	171.517
2247	161.915
2248	171.645
2249	171.645
2250	174.652
2251	174.652
2252	183.92
2253	155.353
2254	174.652
2255	173.887
2256	139.603
2257	193.89
2258	191.516
2259	191.516
2260	208.11
2261	159.78
2262	149.666
2263	194.1
2264	171.983
2265	171.983
2266	149.666
2267	149.666
2268	159.324
2269	149.666
2270	181.605
2271	184.223
2272	158.28
2273	134
2274	174.363
2275	122.666
2276	189.034
2277	185.702
2278	185.702
2279	174.941
2280	184.155
2281	183.424
2282	165.12
2283	195.57
2284	155.016
2285	201.48
2286	207.98
2287	205.87
2288	199.34
2289	174.74
2290	131.09
2291	141.981
2292	240
2293	240
2294	240
2295	170.89
2296	161.68
2297	141.005
2298	240
2299	240
2300	211.785
2301	182.41
2302	168.225
2303	70.5
2304	164.316
2305	188.41
2306	189.092
2307	160.326
2308	158.876
2309	136.83
2310	162.328
2311	143.974
2312	135.207
2313	159.293
2314	154.71
2315	195.59
2316	183.23
2317	96.99
2318	135.855
2319	170.294
2320	187.5
2321	150.165
2322	181.02
2323	175.166
2324	184.238
2325	185.26
2326	198.58
2327	198.58
2328	198.58
2329	174.83
2330	175.964
2331	172.34
2332	137.45
2333	139.956
2334	200.95
2335	207.71
2336	184.189
2337	199.591
2338	199.22
2339	206.6
2340	202.64
2341	175.621
2342	163.925
2343	163.925
2344	163.925
2345	163.925
2346	164.928
2347	164.898
2348	163.925
2349	145.755
2350	152.115
2351	127.059
2352	152.157
2353	128.394
2354	163.925
2355	163.925
2356	163.925
2357	163.925
2358	182.03
2359	158.678
2360	164.778
2361	114.62
2362	174.788
2363	174.669
2364	174.669
2365	174.669
2366	174.652
2367	163.12
2368	174.652
2369	174.652
2370	174.652
2371	174.652
2372	174.652
2373	163.12
2374	174.652
2375	174.652
2376	174.652
2377	174.652
2378	174.652
2379	174.652
2380	163.12
2381	118.46
2382	142.768
2383	113.62
2384	177.495
2385	164.76
2386	164.76
2387	167.744
2388	158.712
2389	176.776
2390	128.412
2391	128.412
2392	185.23
2393	176.199
2394	176.199
2395	119.6
2396	95.436
2397	107.483
2398	163.925
2399	163.925
2400	163.925
2401	198.89
2402	214.674
2403	195.33
2404	198.53
2405	183.04
2406	178.065
2407	155.985
2408	167.34
2409	202.86
2410	183.675
2411	180.46
2412	156.615
2413	174.73
2414	181.257
2415	139.24
2416	155.346
2417	137.97
2418	185.23
2419	183.55
2420	167.33
2421	194.86
2422	162.69
2423	173.31
2424	173.31
2425	208.61
2426	206.051
2427	220.008
2428	153.045
2429	159.135
2430	175.29
2431	159.53
2432	157.12
2433	210.78
2434	200.002
2435	200.002
2436	168.88
2437	56.85
2438	197.07
2439	144.18
2440	164.74
2441	150.56
2442	208.89
2443	165.72
2444	183.97
2445	140.238
2446	176.56
2447	149.483
2448	154.358
2449	146.024
2450	146.466
2451	154.303
2452	134.906
2453	117.765
2454	195.676
2455	190.632
2456	134.68
2457	203.008
2458	148.36
2459	155.25
2460	189.53
2461	171.29
2462	184.93
2463	183.97
2464	170.555
2465	42.975
2466	140.985
2467	109.765
2468	210
2469	210
2470	205.537
2471	176.86
2472	123.04
2473	95.12
2474	159.36
2475	128.44
2476	219.32
2477	214.45
2478	214.432
2479	192.282
2480	197.738
2481	182.115
2482	171.9
2483	165.693
2484	154.838
2485	185.855
2486	165.28
2487	174.244
2488	175.587
2489	169.292
2490	142.738
2491	164.843
2492	151.58
2493	225
2494	210
2495	210
2496	211.89
2497	183.05
2498	203.39
2499	158.336
2500	189.215
2501	174.095
2502	225
2503	192.036
2504	213.351
2505	225
2506	225
2507	157.275
2508	223.962
2509	225
2510	224.952
2511	223.34
2512	211.2
2513	199.32
2514	212.71
2515	225
2516	225
2517	146.577
2518	225
2519	145.09
2520	183.27
2521	209.442
2522	163.5
2523	146.92
2524	204.184
2525	225
2526	199.72
2527	184.938
2528	225
2529	225
2530	225
2531	225
2532	225
2533	225
2534	225
2535	225
2536	199.182
2537	225
2538	221.946
2539	197.408
2540	215.86
2541	225
2542	191.27
2543	225
2544	158.59
2545	158.59
2546	211.936
2547	211.936
2548	220.216
2549	166.43
2550	196.67
2551	210
2552	210
2553	193.78
2554	225
2555	225
2556	209.996
2557	210.003
2558	221.14
2559	216.63
2560	210
2561	184.53
2562	195.375
2563	225
2564	210
2565	210
2566	205.692
2567	184.742
2568	223.91
2569	220.248
2570	195.758
2571	195.362
2572	212.225
2573	203.876
2574	218.715
2575	221.095
2576	215.07
2577	223.14
2578	225
2579	223.39
2580	56.575
2581	178.81
2582	179.873
2583	224.999
2584	201
2585	183.3
2586	184.26
2587	176.48
2588	209.216
2589	121.893
2590	175.385
2591	210.285
2592	210
2593	194.724
2594	184.212
2595	183.624
2596	224.996
2597	157.93
2598	225
2599	217.28
2600	225
2601	213.25
2602	225
2603	225
2604	150.96
2605	186.73
2606	145.15
2607	134.118
2608	190.734
2609	224.999
2610	210.306
2611	210.003
2612	217.38
2613	224.999
2614	197.915
2615	212.716
2616	225
2617	225
2618	207.58
2619	225
2620	210
2621	225
2622	224.999
2623	212.04
2624	225
2625	200.296
2626	225
2627	199.512
2628	225
2629	173.1
2630	152.925
2631	141.98
2632	75.68
2633	169.4
2634	63.725
2635	187.84
2636	144.43
2637	154.11
2638	197.721
2639	179.13
2640	181.326
2641	185.24
2642	174.36
2643	187.935
2644	240
2645	162.15
2646	149.37
2647	171.456
2648	172.85
2649	178.93
2650	170.17
2651	163
2652	203.728
2653	138.62
2654	160.61
2655	168.9
2656	153.69
2657	126.66
2658	123.045
2659	154.644
2660	186.45
2661	175.81
2662	152.22
2663	183.636
2664	178.09
2665	189.55
2666	182.49
2667	166.22
2668	144.675
2669	116.66
2670	95.46
2671	95.4
2672	181.26
2673	126.52
2674	111.86
2675	168.07
2676	151.86
2677	124.308
2678	142.31
2679	161.579
2680	143.559
2681	152.745
2682	167.265
2683	149.76
2684	114.54
2685	181.42
2686	189.24
2687	189.65
2688	190.46
2689	159.41
2690	144.5
2691	138.05
2692	103.35
2693	114.39
2694	157.15
2695	121.18
2696	200.18
2697	215.65
2698	133.17
2699	154.26
2700	169.8
2701	166.41
2702	179.24
2703	179.24
2704	164.58
2705	118.935
2706	101.61
2707	203
2708	188.18
2709	170.7
2710	162.75
2711	162.75
2712	187.66
2713	103.395
2714	116.955
2715	127.905
2716	162.255
2717	138.72
2718	190.85
2719	135.8
2720	183.7
2721	131.775
2722	167.225
2723	205.92
2724	160.883
2725	189
2726	84.675
2727	209.295
2728	157.095
2729	107.16
2730	211.26
2731	145.35
2732	170.436
2733	170.436
2734	176.93
2735	176.93
2736	164.6
2737	199.998
2738	200.316
2739	184.31
2740	183.82
2741	209.6
2742	196.09
2743	192.13
2744	181.944
2745	106.38
2746	201.6
2747	172.51
2748	154.43
2749	178.82
2750	175.69
2751	220
2752	182.234
2753	160.949
2754	178.995
2755	175.383
2756	175.791
2757	183.84
2758	160.62
2759	142.4
2760	220
2761	199.06
2762	176.199
2763	176.199
2764	208.332
2765	163.925
2766	163.925
2767	127.806
2768	177.285
2769	183.11
2770	130.02
2771	176.9
2772	156.74
2773	175.08
2774	175.08
2775	166.53
2776	165.72
2777	165.72
2778	157.815
2779	206.052
2780	162.3
2781	162.58
2782	189.16
2783	184.18
2784	204.22
2785	188.22
2786	183.1
2787	182.67
2788	182.67
2789	134.36
2790	195.675
2791	194.892
2792	184.658
2793	120
2794	167.03
2795	177.041
2796	164.551
2797	175.82
2798	161.436
2799	172.204
2800	131.98
2801	152.97
2802	192.68
2803	157.84
2804	166.212
2805	164.33
2806	167.03
2807	185.35
2808	181.78
2809	182.32
2810	151.05
2811	170.72
2812	220
2813	173.05
2814	177.36
2815	176.86
2816	190.42
2817	206.33
2818	188.08
2819	193.83
2820	176.51
2821	193.11
2822	191.12
2823	195.94
2824	136.725
2825	205.94
2826	211.04
2827	114.44
2828	212.175
2829	169.9
2830	101.12
2831	161.748
2832	113.715
2833	157.05
2834	171.78
2835	139.125
2836	134.805
2837	146.58
2838	220
2839	189.84
2840	163.296
2841	174.259
2842	169.846
2843	188.71
2844	173.323
2845	182.364
2846	192.16
2847	185.256
2848	183.51
2849	174.56
2850	166.05
2851	148.64
2852	202.77
2853	153.69
2854	87.36
2855	173.6
2856	195.69
2857	190.92
2858	152.71
2859	163.65
2860	184.04
2861	177.19
2862	174.091
2863	174.091
2864	174.091
2865	173.736
2866	189.24
2867	195.48
2868	166.296
2869	195.68
2870	139.668
2871	102.7
2872	150.34
2873	151.18
2874	127.332
2875	224.313
2876	163.925
2877	212.9
2878	140.04
2879	167.415
2880	105.725
2881	123.525
2882	4.897
2883	5.125
2884	5.88
2885	4.462
2886	4.215
2887	4.758
2888	10.464
2889	6.054
2890	4.44
2891	10.97
2892	11.615
2893	7.359
2894	13.914
2895	15.786
2896	15.45
2897	14.334
2898	16.908
2899	11.042
2900	11.042
2901	5.865
2902	2.816
2903	1.232
2904	12.144
2905	5.094
2906	1.909
2907	1.408
2908	6.894
2909	8.973
2910	10.044
2911	7.58
2912	8.186
2913	13.284
2914	8.925
2915	13.644
2916	8.819
2917	9.792
2918	11.651
2919	12.696
2920	11.702
2921	12.911
2922	8.895
2923	8.494
2924	6
2925	7.743
2926	17.998
2927	13.846
2928	12.522
2929	12.389
2930	12.389
2931	12.212
2932	21.807
2933	6.123
2934	19.283
2935	18.192
2936	18.192
2937	23.782
2938	8.06
2939	8.59
2940	2.88
2941	3.264
2942	25.07
2943	23.664
2944	20.42
2945	19.676
2946	19.671
2947	23.764
2948	20.507
2949	20.507
2950	20.507
2951	28.348
2952	22.718
2953	22.718
2954	22.718
2955	20.898
2956	21.353
2957	19.604
2958	19.671
2959	20.175
2960	21.986
2961	38.282
2962	27.791
2963	22.718
2964	22.718
2965	22.718
2966	22.718
2967	22.718
2968	22.718
2969	22.718
2970	22.576
2971	20.076
2972	23.38
2973	22.346
2974	22.822
2975	19.604
2976	20.731
2977	17.065
2978	16.963
2979	20.405
2980	20.405
2981	20.405
2982	20.405
2983	26.887
2984	19.604
2985	19.604
2986	19.604
2987	27.1
2988	27.1
2989	19.826
2990	4.403
2991	4.315
2992	3.527
2993	19.314
2994	7.263
2995	6.389
2996	9.444
2997	7.92
2998	7.92
2999	10.182
3000	10.2
3001	14.105
3002	25.874
3003	20.405
3004	26.887
3005	20.405
3006	26.887
3007	20.405
3008	26.887
3009	22.646
3010	19.808
3011	16.606
3012	25.458
3013	34.208
3014	29.992
3015	13.918
3016	19.622
3017	19.622
3018	15.162
3019	12.209
3020	19.622
3021	19.622
3022	15.162
3023	21.359
3024	21.359
3025	21.359
3026	29.525
3027	14.923
3028	17.898
3029	23.271
3030	17.881
3031	19.604
3032	19.604
3033	19.604
3034	19.604
3035	27.1
3036	23.41
3037	20.548
3038	20.293
3039	19.467
3040	23.425
3041	20.441
3042	20.762
3043	19.604
3044	19.604
3045	19.604
3046	19.604
3047	27.1
3048	25.394
3049	19.604
3050	19.604
3051	19.604
3052	19.834
3053	30.119
3054	6.917
3055	7.273
3056	7.273
3057	4.784
3058	10.791
3059	10.599
3060	12.033
3061	9.77
3062	8.038
3063	10.195
3064	9.94
3065	27.1
3066	21.125
3067	21.289
3068	20.405
3069	28.207
3070	20.405
3071	28.207
3072	20.405
3073	28.207
3074	27.1
3075	27.1
3076	24.203
3077	27.1
3078	17.518
3079	16.733
3080	17.396
3081	4.086
3082	2.709
3083	5.3
3084	2.283
3085	2.008
3086	7.692
3087	23.392
3088	19.691
3089	35.2
3090	19.604
3091	15.29
3092	16.289
3093	16.289
3094	19.518
3095	16.753
3096	16.973
3097	16.764
3098	17.192
3099	17.177
3100	17.396
3101	11.232
3102	6.665
3103	12.748
3104	1.926
3105	4.803
3106	5.12
3107	6.099
3108	9.789
3109	9.83
3110	7.043
3111	9.141
3112	4.982
3113	12.65
3114	11.354
3115	10.367
3116	11.748
3117	11.814
3118	16.08
3119	14.849
3120	10.174
3121	7.862
3122	10.562
3123	4.232
3124	8.639
3125	12.917
3126	18.624
3127	22.179
3128	14.355
3129	7.326
3130	8.475
3131	11.353
3132	7.739
3133	10.139
3134	7.411
3135	7.566
3136	10.265
3137	7.636
3138	11.951
3139	12.169
3140	8.159
3141	15.476
3142	11.651
3143	19.865
3144	14.404
3145	15.719
3146	11.119
3147	12.899
3148	12.106
3149	14.242
3150	17.058
3151	8.882
3152	13.818
3153	11.354
3154	9.89
3155	28.602
3156	35.199
3157	28.803
3158	39.042
3159	20.829
3160	26.055
3161	16.224
3162	13.941
3163	16.043
3164	10.5
3165	11.07
3166	17.967
3167	11.796
3168	15.246
3169	9.725
3170	8.364
3171	8.211
3172	6.213
3173	6.213
3174	6.213
3175	9.775
3176	9.605
3177	6.558
3178	6.786
3179	9.33
3180	8.039
3181	9.327
3182	9.617
3183	14.962
3184	14.599
3185	10.149
3186	15.383
3187	15.007
3188	5.858
3189	4.844
3190	8.372
3191	6.321
3192	6.337
3193	5.931
3194	8.486
3195	7.456
3196	6.061
3197	6.117
3198	5.01
3199	5.604
3200	19.314
3201	22.822
3202	22.822
3203	22.822
3204	22.822
3205	22.822
3206	28.273
3207	19.14
3208	19.14
3209	22.822
3210	22.822
3211	22.822
3212	22.822
3213	19.14
3214	19.14
3215	22.18
3216	17.391
3217	19.14
3218	19.14
3219	24.396
3220	19.14
3221	19.14
3222	19.14
3223	19.564
3224	19.599
3225	19.599
3226	19.599
3227	19.599
3228	19.604
3229	23.064
3230	19.604
3231	19.604
3232	19.604
3233	19.604
3234	19.604
3235	19.604
3236	19.604
3237	19.604
3238	23.064
3239	19.604
3240	19.604
3241	19.604
3242	19.604
3243	19.604
3244	19.604
3245	19.604
3246	19.604
3247	19.604
3248	23.064
3249	19.604
3250	19.604
3251	19.604
3252	19.604
3253	22.572
3254	19.14
3255	19.14
3256	19.14
3257	19.14
3258	22.822
3259	22.822
3260	22.822
3261	22.822
3262	22.822
3263	6.167
3264	3.799
3265	3.374
3266	4.687
3267	6.595
3268	6.701
3269	6.221
3270	8.544
3271	9.29
3272	16.803
3273	16.857
3274	11.469
3275	14.532
3276	5.571
3277	8.449
3278	8.931
3279	10.169
3280	6.864
3281	6.306
3282	9.416
3283	9.905
3284	12.508
3285	7.835
3286	9.791
3287	8.811
3288	13.001
3289	11.692
3290	15.114
3291	12.698
3292	15.305
3293	13.774
3294	11.09
3295	7.383
3296	8.215
3297	8.468
3298	10.901
3299	6.771
3300	6.887
3301	11.743
3302	11.597
3303	10.004
3304	10.004
3305	4.709
3306	5.092
3307	2.999
3308	4.202
3309	8
3310	19.629
3311	17.391
3312	20.04
3313	16.173
3314	27.396
3315	27.27
3316	9.707
3317	12.071
3318	10.983
3319	11.834
3320	12.432
3321	8.832
3322	5.674
3323	4.383
3324	11.534
3325	6.882
3326	12.687
3327	6
3328	6
3329	11.176
3330	11.726
3331	32.49
3332	31.41
3333	14.224
3334	8.729
3335	9.158
3336	6.44
3337	14.373
3338	8.907
3339	7.706
3340	14.726
3341	10.203
3342	11.838
3343	11.289
3344	13.416
3345	1.556
3346	11.142
3347	11.153
3348	21.55
3349	27.135
3350	38.37
3351	42.225
3352	12.688
3353	17.546
3354	1.848
3355	13.287
3356	13.578
3357	12.846
3358	9.486
3359	11.335
3360	9.68
3361	14.096
3362	14.03
3363	12.855
3364	15.764
3365	11.76
3366	24.447
3367	16.218
3368	25.623
3369	5.372
3370	9.032
3371	7.936
3372	6.649
3373	7.405
3374	18.531
3375	21.064
3376	22.794
3377	9.524
3378	4.881
3379	5.549
3380	13.746
3381	11.765
3382	12.713
3383	8.643
3384	7.571
3385	10.307
3386	26.45
3387	3.076
3388	8.261
3389	9.357
3390	9.968
3391	6.473
3392	8.075
3393	7.968
3394	8.405
3395	10.417
3396	8.586
3397	10.509
3398	9.851
3399	5.098
3400	19.803
3401	6.512
3402	5.435
3403	7.75
3404	10.122
3405	3.333
3406	3.157
3407	4.294
3408	5.848
3409	6.344
3410	7.244
3411	4.032
3412	6.276
3413	4.758
3414	5.578
3415	3.102
3416	10.738
3417	8.694
3418	11.253
3419	7.243
3420	6.35
3421	9.821
3422	3.833
3423	3.835
3424	7.158
3425	6.339
3426	8.683
3427	10.215
3428	11.146
3429	9.221
3430	12.774
3431	13.164
3432	9.766
3433	11.49
3434	8.834
3435	8.122
3436	11.208
3437	9.863
3438	9.662
3439	10.606
3440	14.589
3441	11.274
3442	13.263
3443	8.333
3444	5.079
3445	5.492
3446	2.999
3447	5.942
3448	12.25
3449	2.539
3450	3.295
3451	16.545
3452	11.919
3453	7.898
3454	3.65
3455	4.706
3456	6
3457	13.12
3458	13.38
3459	15.56
3460	3.999
3461	4.354
3462	4.901
3463	5.904
3464	8.216
3465	3.53
3466	6.638
3467	8.814
3468	7.824
3469	14.336
3470	9.091
3471	8.108
3472	6.282
3473	14.924
3474	12.884
3475	6.342
3476	9.131
3477	4.812
3478	11.735
3479	11.103
3480	12.729
3481	8.214
3482	9.846
3483	10.413
3484	12.048
3485	14.425
3486	17.532
3487	15.57
3488	3.694
3489	4.907
3490	4.532
3491	10.282
3492	10.332
3493	10.367
3494	12.735
3495	11.166
3496	10.073
3497	9.161
3498	10.475
3499	11.55
3500	10.934
3501	5.441
3502	10.128
3503	15.207
3504	15.882
3505	11.909
3506	13.052
3507	10.665
3508	12.947
3509	3.603
3510	11.618
3511	18.402
3512	22.668
3513	18.348
3514	23.391
3515	15.435
3516	12.803
3517	8.633
3518	5.512
3519	5.263
3520	12.128
3521	9.92
3522	8.033
3523	7.82
3524	9.629
3525	9.222
3526	7.709
3527	8.925
3528	7.985
3529	10.435
3530	13.167
3531	9.418
3532	13.491
3533	10.741
3534	8.455
3535	9.286
3536	12.66
3537	7.995
3538	7.568
3539	8.627
3540	13.15
3541	14.794
3542	14.756
3543	19.065
3544	20.868
3545	19.138
3546	24.668
3547	28.908
3548	23.724
3549	30.91
3550	40.488
3551	43.386
3552	7.964
3553	10.71
3554	8.811
3555	5.674
3556	3.582
3557	3.542
3558	6.407
3559	10.668
3560	13.608
3561	10.79
3562	13.221
3563	6.13
3564	23.138
3565	21.454
3566	20.352
3567	19.538
3568	23.526
3569	23.526
3570	28.932
3571	28.932
3572	28.932
3573	28.932
3574	21.909
3575	17.451
3576	14.547
3577	15.564
3578	4.512
3579	8.743
3580	4.807
3581	6.273
3582	8.226
3583	8.161
3584	8.073
3585	7.152
3586	8.787
3587	7.614
3588	7.553
3589	7.431
3590	12.089
3591	19.1
3592	17.445
3593	5.098
3594	4.418
3595	5.7
3596	6.833
3597	7.031
3598	6.954
3599	6.281
3600	4.143
3601	6.914
3602	3.376
3603	5.736
3604	5.941
3605	1.991
3606	2.543
3607	3.27
3608	5.342
3609	5.256
3610	17.148
3611	18.342
3612	12.723
3613	10.53
3614	10.53
3615	10.53
3616	11.406
3617	12.138
3618	11.039
3619	9.114
3620	9.114
3621	11.313
3622	22.44
3623	4.251
3624	24.213
3625	27.678
3626	20.886
3627	5.55
3628	7.773
3629	11.255
3630	11.174
3631	11.174
3632	11.174
3633	6.887
3634	6.887
3635	10.395
3636	11.588
3637	11.588
3638	7.851
3639	27.321
3640	22.335
3641	24.609
3642	22.419
3643	23.433
3644	15.549
3645	16.107
3646	27.009
3647	20.256
3648	2.458
3649	33.865
3650	37.44
3651	2.815
3652	5.523
3653	5.411
3654	4.49
3655	20.337
3656	23.517
3657	3.639
3658	1.704
3659	3.956
3660	2.55
3661	7.766
3662	1.49
3663	5.71
3664	6.141
3665	16.779
3666	6.471
3667	16.581
3668	17.421
3669	12.756
3670	1.993
3671	5.003
3672	6.642
3673	1.437
3674	4.733
3675	7.042
3676	20.869
3677	20.869
3678	20.869
3679	18.921
3680	18.921
3681	22.62
3682	19.227
3683	18.921
3684	19.161
3685	12
3686	5.953
3687	4.549
3688	3.567
3689	3.983
3690	5.087
3691	7.409
3692	8.354
3693	8.427
3694	9.077
3695	11.183
3696	11.672
3697	4.56
3698	6.587
3699	7.181
3700	8.642
3701	9.086
3702	8.708
3703	8.159
3704	8.159
3705	8.159
3706	10.6
3707	5.76
3708	10.124
3709	8.793
3710	7.604
3711	6.939
3712	12.126
3713	12.836
3714	9.177
3715	9.647
3716	9.729
3717	8.637
3718	17.33
3719	23.715
3720	19.385
3721	19.263
3722	7.403
3723	11.285
3724	11.336
3725	14.096
3726	8.424
3727	11.907
3728	14.64
3729	6
3730	12.282
3731	19.14
3732	19.14
3733	22.822
3734	12.264
3735	18.923
3736	10.403
3737	9.407
3738	8.534
3739	16.497
3740	9.465
3741	13.408
3742	9.66
3743	13.482
3744	14.277
3745	15.026
3746	15.026
3747	12.489
3748	9.738
3749	9.738
3750	11.021
3751	11.142
3752	11.142
3753	11.606
3754	11.732
3755	9.959
3756	9.959
3757	16.437
3758	18.081
3759	4.391
3760	5.22
3761	5.092
3762	15.435
3763	11.054
3764	11.655
3765	11.613
3766	11.999
3767	7.337
3768	10.511
3769	7.626
3770	8.373
3771	5.367
3772	9.551
3773	8.601
3774	7.767
3775	8.535
3776	8.6
3777	8.6
3778	31.692
3779	38.988
3780	1.896
3781	2.216
3782	4.049
3783	14.024
3784	6.766
3785	8.361
3786	8.177
3787	8.697
3788	10.436
3789	8.498
3790	8.301
3791	4.547
3792	7.776
3793	6
3794	6.785
3795	1
3796	12.24
3797	10.946
3798	5.834
3799	9.444
3800	10.195
3801	9.258
3802	11.573
3803	11.317
3804	9.627
3805	11.785
3806	10.169
3807	10.814
3808	16.203
3809	14.5
3810	13.424
3811	13.266
3812	13.055
3813	7.098
3814	12.324
3815	11.068
3816	11.351
3817	8.324
3818	10.946
3819	7.089
3820	10.127
3821	10.664
3822	10.7
3823	16.979
3824	8.198
3825	8.733
3826	8.652
3827	13.343
3828	9.219
3829	13.829
3830	9.362
3831	10.392
3832	7.203
3833	7.569
3834	6.577
3835	3
3836	9.023
3837	9
3838	9.834
3839	10.043
3840	9.396
3841	9.471
3842	7.437
3843	6.185
3844	5.051
3845	7.788
3846	6.926
3847	7.136
3848	5.319
3849	10.036
3850	8.001
3851	9.524
3852	7.034
3853	7.332
3854	8.812
3855	5.164
3856	6.529
3857	1.523
3858	36.54
3859	1.703
3860	2.463
3861	1.448
3862	37.668
3863	1.391
3864	3.245
3865	39.048
3866	3.505
3867	41.664
3868	15.65
3869	21.858
3870	16.77
3871	17.563
3872	25.257
3873	16.59
3874	13.644
3875	21.003
3876	9.043
3877	14.646
3878	20.175
3879	21.039
3880	24.795
3881	24.477
3882	18.258
3883	18.684
3884	19.647
3885	1.48
3886	1
3887	7.524
3888	11.506
3889	9.861
3890	10.523
3891	7.694
3892	10.002
3893	6.438
3894	8.793
3895	9.056
3896	9.946
3897	6.993
3898	9.091
3899	7.549
3900	7.916
3901	7.862
3902	8.645
3903	7.176
3904	8.212
3905	8.474
3906	12.221
3907	14.114
3908	9.816
3909	11.093
3910	13.704
3911	5.585
3912	4.316
3913	2.273
3914	7.632
3915	2.571
3916	10.59
3917	6.959
3918	5.706
3919	6.081
3920	9.96
3921	6.647
3922	7.362
3923	13.094
3924	11.452
3925	8.394
3926	9.422
3927	6.587
3928	9.886
3929	9.886
3930	9.886
3931	5.998
3932	7.102
3933	8.878
3934	5.592
3935	9.94
3936	7.614
3937	6.678
3938	11.056
3939	6.648
3940	8.352
3941	8.378
3942	10.932
3943	14.978
3944	13.836
3945	15.05
3946	20.595
3947	13.449
3948	13.323
3949	16.9
3950	22.822
3951	22.822
3952	4.065
3953	19.992
3954	21.864
3955	14.166
3956	17.904
3957	18.39
3958	14.517
3959	26.855
3960	17.871
3961	18.995
3962	23.295
3963	20
3964	20
3965	240
3966	240
3967	40
3968	40
3969	15
3970	100
3971	15
3972	100
3973	80
3974	80
3975	90
3976	90
3977	90
3978	90
3979	60
3980	465
3981	60
3982	465
3983	80
3984	80
3985	300
3986	150
3987	40
3988	300
3989	150
3990	40
3991	120
3992	120
3993	40
3994	40
3995	80
3996	60
3997	60
3998	60
3999	60
4000	15
4001	60
4002	15
4003	20
4004	20
4005	40
4006	40
4007	60
4008	60
4009	60
4010	60
4011	60
4012	60
4013	20
4014	20
4015	20
4016	90
4017	20
4018	90
4019	40
4020	40
4021	75
4022	75
4023	45
4024	60
4025	60
4026	40
4027	40
4028	30
4029	30
4030	20
4031	20
4032	40
4033	40
4034	20
4035	20
4036	20
4037	20
4038	105
4039	105
4040	22.5
4041	22.5
4042	20
4043	20
4044	20
4045	20
4046	26.67
4047	13.33
4048	26.67
4049	13.33
4050	30
4051	30
4052	20
4053	90
4054	20
4055	90
4056	330
4057	330
4058	60
4059	60
4060	40
4061	40
4062	22.5
4063	22.5
4064	90
4065	90
4066	30
4067	30
4068	20
4069	20
4070	40
4071	40
4072	420
4073	420
4074	60
4075	60
4076	30
4077	30
4078	40
4079	40
4080	40
4081	40
4082	225
4083	225
4084	90
4085	90
4086	200
4087	200
4088	60
4089	60
4090	20
4091	20
4092	60
4093	60
4094	40
4095	90
4096	40
4097	90
4098	80
4099	80
4100	20
4101	20
4102	40
4103	40
4104	60
4105	60
4106	200
4107	200
4108	30
4109	30
4110	40
4111	40
4112	40
4113	20
4114	20
4115	85
4116	85
4117	60
4118	200
4119	60
4120	200
4121	90
4122	90
4123	25
4124	25
4125	90
4126	90
4127	40
4128	40
4129	40
4130	40
4131	60
4132	60
4133	80
4134	80
4135	30
4136	30
4137	120
4138	120
4139	30
4140	30
4141	20
4142	20
4143	20
4144	20
4145	20
4146	20
4147	40
4148	40
4149	120
4150	120
4151	160
4152	320
4153	160
4154	320
4155	30
4156	30
4157	20
4158	20
4159	120
4160	80
4161	120
4162	80
4163	80
4164	80
4165	40
4166	20
4167	40
4168	20
4169	100
4170	100
4171	80
4172	80
4173	40
4174	40
4175	15
4176	15
4177	22.5
4178	22.5
4179	80
4180	15
4181	80
4182	15
4183	60
4184	60
4185	20
4186	20
4187	40
4188	40
4189	75
4190	75
4191	60
4192	60
4193	40
4194	40
4195	60
4196	30
4197	60
4198	30
4199	60
4200	30
4201	60
4202	30
4203	15
4204	15
4205	40
4206	40
4207	35
4208	35
4209	20
4210	30
4211	20
4212	30
