1	14	1	97
1	32	1	269
1	37	1	26
1	39	1	56
1	54	1	32
1	66	1	1144
1	74	1	32
1	76	1	438
1	82	1	82
1	87	1	64
1	101	1	40
1	105	1	214
1	118	1	58
1	123	1	34
1	175	1	30
1	186	1	27
1	-1	1	2643
2	9	1	76
2	14	1	87
2	32	1	130
2	33	1	188
2	37	1	115
2	39	1	148
2	41	1	108
2	52	1	44
2	54	1	368
2	61	1	36
2	65	1	194
2	66	1	1513
2	72	1	26
2	75	1	60
2	76	1	205
2	77	1	42
2	87	1	94
2	101	1	145
2	105	1	234
2	107	1	33
2	115	1	89
2	118	1	86
2	123	1	136
2	131	1	274
2	134	1	32
2	135	1	76
2	151	1	170
2	153	1	28
2	160	1	740
2	175	1	96
2	177	1	65
2	184	1	32
2	186	1	29
2	-1	1	5699
3	9	1	48
3	10	1	62
3	32	1	383
3	37	1	131
3	66	1	4942
3	74	1	32
3	75	1	27
3	82	1	30
3	87	1	46
3	101	1	36
3	105	1	84
3	143	1	27
3	171	1	56
3	-1	1	5904
4	17	1	30
4	33	1	26
4	35	1	369
4	54	1	332
4	55	1	182
4	66	1	258
4	75	1	48
4	76	1	43
4	79	1	476
4	87	1	420
4	121	1	36
4	130	1	202
4	131	1	48
4	135	1	178
4	152	1	28
4	157	1	1360
4	160	1	64
4	177	1	62
4	186	1	49
4	-1	1	4211
5	9	1	142
5	10	1	26
5	19	1	50
5	66	1	622
5	76	1	93
5	77	1	32
5	89	1	44
5	107	1	89
5	123	1	44
5	143	1	30
5	160	1	92
5	162	1	26
5	188	1	325
5	-1	1	1615
6	37	1	94
6	39	1	32
6	66	1	480
6	76	1	26
6	79	1	128
6	105	1	184
6	153	1	33
6	186	1	28
6	-1	1	1005
7	33	1	29
7	37	1	86
7	39	1	50
7	54	1	95
7	65	1	200
7	66	1	873
7	72	1	108
7	74	1	76
7	76	1	275
7	87	1	563
7	101	1	28
7	105	1	156
7	107	1	43
7	115	1	144
7	128	1	28
7	160	1	602
7	177	1	72
7	-1	1	3428
9	1	1	34
9	2	1	38
9	3	1	2460
9	6	1	1244
9	7	1	64
9	10	1	82
9	12	1	276
9	13	1	1346
9	14	1	1861
9	15	1	558
9	17	1	2375
9	18	1	42
9	21	1	234
9	25	1	893
9	27	1	102
9	29	1	937
9	30	1	2588
9	31	1	2007
9	34	1	182
9	35	1	5016
9	36	1	282
9	38	1	98
9	39	1	103
9	40	1	53
9	41	1	55
9	42	1	34
9	43	1	46
9	45	1	61
9	46	1	2530
9	47	1	9376
9	50	1	3396
9	52	1	34
9	53	1	51
9	55	1	944
9	57	1	529
9	58	1	175
9	61	1	60
9	62	1	25
9	66	1	694
9	69	1	247
9	70	1	79
9	73	1	623
9	75	1	38
9	76	1	111
9	77	1	72
9	79	1	4398
9	81	1	464
9	82	1	1654
9	83	1	314
9	84	1	9786
9	85	1	2798
9	87	1	9306
9	89	1	396
9	90	1	38
9	92	1	336
9	93	1	417
9	94	1	1436
9	95	1	162
9	96	1	30
9	98	1	1303
9	99	1	7494
9	101	1	832
9	102	1	59
9	103	1	108
9	108	1	286
9	109	1	258
9	110	1	222
9	113	1	618
9	114	1	43
9	116	1	520
9	117	1	146
9	118	1	2154
9	119	1	166
9	121	1	823
9	122	1	180
9	123	1	210
9	124	1	242
9	127	1	4613
9	130	1	1363
9	134	1	83
9	135	1	2462
9	136	1	119
9	137	1	106
9	139	1	1140
9	143	1	248
9	144	1	30
9	146	1	82
9	148	1	7578
9	149	1	31
9	150	1	60
9	152	1	669
9	153	1	1848
9	154	1	502
9	155	1	1404
9	156	1	19728
9	157	1	230
9	158	1	404
9	159	1	65
9	160	1	42
9	162	1	2512
9	163	1	48
9	165	1	134
9	167	1	126
9	171	1	1027
9	172	1	55
9	174	1	108
9	175	1	32
9	178	1	668
9	179	1	157
9	180	1	37
9	182	1	345
9	183	1	200
9	184	1	668
9	185	1	362
9	186	1	682
9	187	1	186
9	-1	1	139408
10	1	1	92
10	2	1	44
10	3	1	96
10	6	1	155
10	9	1	180
10	12	1	88
10	13	1	936
10	14	1	7448
10	15	1	65
10	17	1	506
10	19	1	259
10	21	1	60
10	23	1	68
10	24	1	148
10	25	1	3932
10	27	1	52
10	29	1	1965
10	30	1	544
10	31	1	2144
10	32	1	60
10	33	1	125
10	34	1	740
10	35	1	446
10	36	1	301
10	37	1	256
10	38	1	106
10	39	1	13102
10	40	1	102
10	45	1	50
10	46	1	2704
10	50	1	84
10	53	1	546
10	54	1	278
10	55	1	1084
10	56	1	1398
10	57	1	368
10	58	1	4202
10	62	1	55
10	65	1	28
10	66	1	1864
10	69	1	115
10	70	1	45
10	73	1	2912
10	75	1	148
10	76	1	406
10	79	1	2524
10	82	1	826
10	83	1	262
10	84	1	3239
10	85	1	230
10	87	1	4208
10	89	1	492
10	90	1	56
10	92	1	144
10	93	1	638
10	98	1	2908
10	99	1	162
10	101	1	612
10	102	1	210
10	104	1	38
10	105	1	200
10	107	1	252
10	108	1	338
10	109	1	138
10	113	1	507
10	114	1	820
10	115	1	96
10	116	1	108
10	117	1	1995
10	118	1	660
10	119	1	72
10	121	1	1041
10	122	1	41
10	123	1	213
10	124	1	94
10	127	1	100
10	129	1	267
10	130	1	6680
10	131	1	192
10	134	1	137
10	135	1	3833
10	136	1	168
10	137	1	39
10	139	1	886
10	143	1	252
10	148	1	490
10	149	1	55
10	150	1	1901
10	152	1	3548
10	153	1	983
10	154	1	30
10	155	1	2176
10	156	1	266
10	157	1	444
10	158	1	26
10	159	1	145
10	160	1	456
10	162	1	476
10	163	1	30
10	165	1	41
10	167	1	220
10	171	1	1336
10	172	1	80
10	174	1	134
10	175	1	72
10	177	1	38
10	178	1	5732
10	179	1	383
10	182	1	151
10	183	1	136
10	184	1	819
10	185	1	140
10	186	1	2137
10	187	1	404
10	188	1	366
10	-1	1	109200
12	66	1	244
12	82	1	28
12	-1	1	272
13	4	1	160
13	9	1	312
13	10	1	56
13	14	1	363
13	17	1	32
13	19	1	58
13	23	1	37
13	24	1	53
13	26	1	30
13	29	1	53
13	30	1	88
13	32	1	257
13	33	1	130
13	35	1	30
13	37	1	138
13	39	1	2594
13	41	1	66
13	42	1	28
13	46	1	26
13	52	1	50
13	54	1	526
13	55	1	60
13	58	1	158
13	61	1	31
13	65	1	46
13	66	1	4352
13	69	1	72
13	70	1	52
13	72	1	61
13	73	1	37
13	75	1	191
13	76	1	1278
13	79	1	276
13	82	1	35
13	83	1	166
13	87	1	164
13	89	1	50
13	101	1	548
13	105	1	119
13	107	1	50
13	108	1	80
13	111	1	87
13	112	1	35
13	113	1	28
13	114	1	140
13	118	1	54
13	119	1	30
13	121	1	34
13	123	1	1084
13	130	1	842
13	131	1	318
13	134	1	34
13	135	1	160
13	136	1	30
13	143	1	43
13	152	1	50
13	153	1	248
13	155	1	98
13	156	1	118
13	157	1	46
13	160	1	254
13	173	1	70
13	175	1	211
13	179	1	390
13	184	1	32
13	185	1	55
13	186	1	26
13	188	1	182
13	-1	1	17612
14	2	1	49
14	3	1	62
14	6	1	207
14	9	1	3618
14	10	1	4434
14	13	1	1085
14	15	1	716
14	17	1	446
14	19	1	792
14	21	1	29
14	22	1	60
14	23	1	170
14	24	1	334
14	25	1	406
14	26	1	841
14	27	1	291
14	28	1	34
14	30	1	1690
14	32	1	1866
14	33	1	12564
14	34	1	764
14	35	1	1885
14	37	1	6378
14	38	1	176
14	39	1	7541
14	41	1	2126
14	42	1	74
14	45	1	74
14	46	1	1110
14	47	1	299
14	50	1	103
14	52	1	1818
14	53	1	358
14	54	1	10076
14	55	1	1994
14	56	1	122
14	57	1	1831
14	61	1	1960
14	62	1	170
14	63	1	150
14	65	1	2269
14	66	1	47113
14	70	1	68
14	72	1	4322
14	73	1	26
14	74	1	702
14	75	1	4102
14	76	1	3292
14	77	1	1692
14	79	1	381
14	84	1	2028
14	85	1	459
14	88	1	368
14	89	1	4604
14	90	1	43
14	92	1	280
14	94	1	104
14	95	1	26
14	98	1	160
14	99	1	613
14	102	1	77
14	104	1	265
14	105	1	3340
14	107	1	1806
14	108	1	438
14	109	1	534
14	110	1	165
14	112	1	410
14	113	1	212
14	114	1	1984
14	115	1	754
14	116	1	333
14	119	1	186
14	120	1	394
14	121	1	2064
14	122	1	33
14	123	1	11970
14	125	1	45
14	127	1	148
14	128	1	202
14	131	1	5990
14	134	1	268
14	136	1	253
14	139	1	744
14	140	1	148
14	141	1	1296
14	143	1	1074
14	144	1	67
14	148	1	942
14	149	1	38
14	152	1	29
14	154	1	194
14	155	1	190
14	156	1	692
14	157	1	730
14	158	1	28
14	159	1	30
14	160	1	5716
14	161	1	104
14	162	1	1702
14	165	1	26
14	171	1	2177
14	172	1	330
14	174	1	40
14	175	1	1099
14	177	1	202
14	179	1	2412
14	180	1	78
14	181	1	82
14	182	1	884
14	183	1	86
14	187	1	196
14	188	1	1622
14	-1	1	196184
15	9	1	170
15	14	1	646
15	32	1	1041
15	33	1	34
15	35	1	137
15	37	1	132
15	39	1	80
15	54	1	310
15	56	1	26
15	66	1	916
15	76	1	272
15	83	1	28
15	87	1	3421
15	92	1	45
15	101	1	1308
15	105	1	120
15	107	1	34
15	113	1	110
15	115	1	52
15	118	1	74
15	121	1	91
15	123	1	86
15	127	1	235
15	131	1	190
15	135	1	612
15	136	1	80
15	153	1	242
15	160	1	94
15	175	1	40
15	179	1	47
15	184	1	152
15	186	1	32
15	-1	1	10857
16	66	1	30
16	105	1	110
16	188	1	31
16	-1	1	171
17	30	1	46
17	31	1	54
17	46	1	94
17	55	1	96
17	66	1	1096
17	76	1	89
17	87	1	1238
17	92	1	310
17	107	1	42
17	113	1	46
17	135	1	35
17	156	1	48
17	160	1	80
17	-1	1	3274
18	66	1	42
18	76	1	34
18	105	1	82
18	151	1	32
18	-1	1	190
19	2	1	47
19	6	1	45
19	13	1	30
19	14	1	624
19	15	1	52
19	17	1	42
19	25	1	62
19	29	1	366
19	30	1	36
19	31	1	132
19	32	1	30
19	35	1	46
19	37	1	38
19	39	1	82
19	46	1	42
19	47	1	78
19	52	1	25
19	54	1	170
19	57	1	44
19	58	1	1000
19	65	1	46
19	66	1	264
19	69	1	81
19	73	1	192
19	75	1	172
19	76	1	126
19	79	1	756
19	82	1	192
19	84	1	224
19	85	1	114
19	87	1	2244
19	89	1	222
19	92	1	166
19	93	1	376
19	98	1	109
19	99	1	77
19	101	1	294
19	104	1	26
19	105	1	46
19	113	1	25
19	117	1	348
19	118	1	138
19	119	1	77
19	121	1	56
19	123	1	278
19	124	1	34
19	126	1	26
19	127	1	88
19	129	1	28
19	130	1	1430
19	131	1	68
19	135	1	860
19	136	1	32
19	139	1	106
19	140	1	192
19	143	1	38
19	148	1	540
19	150	1	107
19	152	1	7392
19	153	1	314
19	154	1	26
19	155	1	192
19	156	1	86
19	157	1	2549
19	158	1	155
19	159	1	27
19	160	1	456
19	162	1	45
19	165	1	34
19	171	1	90
19	175	1	70
19	178	1	206
19	179	1	25
19	182	1	38
19	184	1	133
19	185	1	212
19	186	1	158
19	187	1	118
19	-1	1	25515
20	66	1	96
20	105	1	26
20	-1	1	122
21	1	1	37
21	39	1	66
21	54	1	70
21	66	1	152
21	73	1	36
21	75	1	28
21	77	1	83
21	87	1	285
21	101	1	34
21	175	1	32
21	184	1	48
21	-1	1	871
23	2	1	53
23	3	1	36
23	6	1	26
23	10	1	42
23	13	1	110
23	14	1	729
23	17	1	52
23	19	1	86
23	24	1	34
23	25	1	132
23	27	1	42
23	29	1	102
23	30	1	126
23	31	1	28
23	32	1	62
23	34	1	75
23	35	1	162
23	39	1	78
23	46	1	78
23	47	1	61
23	50	1	123
23	54	1	264
23	55	1	420
23	57	1	56
23	58	1	48
23	61	1	36
23	66	1	906
23	69	1	78
23	72	1	32
23	73	1	44
23	75	1	126
23	76	1	190
23	77	1	52
23	79	1	213
23	81	1	36
23	84	1	723
23	85	1	128
23	87	1	217
23	93	1	122
23	95	1	40
23	98	1	25
23	99	1	213
23	101	1	38
23	104	1	25
23	107	1	110
23	108	1	55
23	109	1	30
23	113	1	68
23	114	1	45
23	117	1	70
23	118	1	47
23	119	1	61
23	123	1	216
23	124	1	38
23	127	1	64
23	129	1	42
23	130	1	76
23	131	1	138
23	134	1	75
23	135	1	195
23	139	1	222
23	140	1	33
23	143	1	88
23	148	1	192
23	152	1	152
23	156	1	242
23	157	1	104
23	160	1	286
23	162	1	200
23	167	1	60
23	172	1	78
23	175	1	306
23	178	1	33
23	179	1	597
23	182	1	126
23	186	1	140
23	187	1	51
23	188	1	50
23	-1	1	10559
24	10	1	28
24	13	1	36
24	14	1	1239
24	25	1	68
24	29	1	85
24	31	1	62
24	35	1	62
24	39	1	50
24	46	1	69
24	47	1	37
24	55	1	36
24	58	1	80
24	61	1	30
24	66	1	393
24	73	1	116
24	75	1	76
24	76	1	60
24	79	1	105
24	82	1	268
24	83	1	259
24	84	1	65
24	85	1	34
24	87	1	43
24	89	1	102
24	93	1	70
24	98	1	104
24	99	1	32
24	101	1	50
24	117	1	123
24	118	1	50
24	119	1	34
24	121	1	476
24	130	1	104
24	135	1	2632
24	143	1	32
24	148	1	116
24	152	1	717
24	153	1	63
24	155	1	64
24	156	1	27
24	157	1	160
24	160	1	54
24	162	1	36
24	171	1	74
24	178	1	444
24	179	1	88
24	184	1	36
24	186	1	120
24	187	1	28
24	-1	1	9137
25	9	1	332
25	10	1	121
25	14	1	238
25	19	1	626
25	24	1	532
25	26	1	65
25	30	1	67
25	31	1	470
25	32	1	886
25	33	1	807
25	34	1	54
25	37	1	116
25	39	1	640
25	41	1	130
25	53	1	25
25	54	1	2555
25	55	1	476
25	61	1	66
25	62	1	253
25	64	1	127
25	65	1	232
25	66	1	18365
25	69	1	34
25	70	1	581
25	74	1	219
25	75	1	1073
25	76	1	3736
25	77	1	54
25	79	1	12910
25	81	1	42
25	82	1	150
25	87	1	1430
25	89	1	42
25	90	1	740
25	98	1	1846
25	101	1	77
25	104	1	574
25	105	1	1254
25	107	1	1026
25	108	1	65
25	109	1	44
25	111	1	226
25	114	1	1004
25	115	1	174
25	117	1	55
25	118	1	1954
25	119	1	416
25	121	1	9109
25	123	1	3925
25	126	1	151
25	128	1	691
25	131	1	1618
25	134	1	36
25	135	1	28
25	141	1	72
25	143	1	152
25	156	1	340
25	157	1	866
25	158	1	39
25	160	1	922
25	162	1	284
25	166	1	458
25	172	1	194
25	175	1	1666
25	177	1	264
25	179	1	856
25	182	1	84
25	184	1	348
25	186	1	335
25	188	1	324
25	-1	1	79671
26	3	1	77
26	5	1	54
26	6	1	86
26	13	1	95
26	14	1	4197
26	15	1	29
26	25	1	508
26	27	1	98
26	29	1	72
26	30	1	68
26	31	1	78
26	35	1	285
26	36	1	333
26	42	1	42
26	46	1	42
26	50	1	31
26	55	1	102
26	58	1	74
26	73	1	28
26	79	1	288
26	83	1	54
26	84	1	98
26	85	1	76
26	87	1	338
26	89	1	754
26	93	1	519
26	98	1	37
26	99	1	62
26	101	1	2072
26	102	1	82
26	111	1	56
26	113	1	180
26	118	1	218
26	119	1	49
26	122	1	33
26	127	1	41
26	129	1	36
26	130	1	6446
26	135	1	1460
26	136	1	45
26	139	1	62
26	148	1	162
26	150	1	96
26	152	1	1015
26	153	1	216
26	154	1	50
26	155	1	239
26	156	1	91
26	159	1	28
26	162	1	106
26	163	1	25
26	171	1	34
26	178	1	136
26	184	1	431
26	185	1	319
26	186	1	678
26	187	1	78
26	-1	1	23009
27	2	1	44
27	3	1	37
27	6	1	124
27	9	1	38
27	10	1	32
27	12	1	105
27	13	1	70
27	14	1	3906
27	15	1	338
27	17	1	45
27	23	1	25
27	25	1	714
27	29	1	340
27	30	1	405
27	31	1	147
27	34	1	32
27	35	1	593
27	36	1	152
27	38	1	906
27	39	1	72
27	40	1	35
27	45	1	80
27	46	1	454
27	54	1	226
27	55	1	417
27	56	1	33
27	57	1	102
27	58	1	242
27	65	1	35
27	66	1	218
27	69	1	127
27	73	1	270
27	76	1	50
27	77	1	52
27	79	1	4174
27	82	1	366
27	83	1	2632
27	84	1	298
27	85	1	130
27	87	1	2830
27	89	1	96
27	90	1	41
27	92	1	192
27	93	1	1490
27	94	1	28
27	98	1	174
27	99	1	393
27	101	1	742
27	102	1	43
27	103	1	26
27	105	1	42
27	111	1	108
27	113	1	26
27	114	1	52
27	116	1	76
27	117	1	314
27	118	1	800
27	119	1	40
27	121	1	110
27	124	1	362
27	127	1	98
27	129	1	86
27	130	1	3698
27	131	1	30
27	135	1	4636
27	136	1	34
27	139	1	424
27	140	1	236
27	143	1	36
27	146	1	111
27	148	1	346
27	149	1	47
27	150	1	182
27	152	1	495
27	153	1	676
27	154	1	121
27	155	1	144
27	156	1	404
27	157	1	1067
27	158	1	60
27	162	1	312
27	166	1	79
27	170	1	25
27	171	1	32
27	174	1	42
27	175	1	122
27	176	1	29
27	178	1	479
27	180	1	36
27	182	1	38
27	184	1	110
27	186	1	219
27	-1	1	40505
28	3	1	100
28	14	1	220
28	15	1	66
28	25	1	61
28	46	1	142
28	55	1	90
28	67	1	218
28	76	1	26
28	77	1	36
28	79	1	608
28	87	1	240
28	89	1	28
28	99	1	172
28	109	1	26
28	127	1	26
28	136	1	74
28	139	1	34
28	152	1	262
28	157	1	66
28	165	1	38
28	185	1	38
28	-1	1	2571
29	6	1	47
29	9	1	115
29	10	1	94
29	13	1	79
29	25	1	150
29	26	1	28
29	32	1	160
29	33	1	119
29	34	1	106
29	35	1	29
29	37	1	122
29	39	1	120
29	52	1	28
29	53	1	146
29	54	1	242
29	61	1	44
29	66	1	24124
29	72	1	66
29	74	1	152
29	75	1	44
29	76	1	493
29	77	1	326
29	79	1	2888
29	85	1	152
29	90	1	94
29	93	1	146
29	99	1	175
29	103	1	74
29	105	1	382
29	107	1	72
29	108	1	60
29	114	1	51
29	118	1	62
29	123	1	244
29	130	1	204
29	131	1	26
29	136	1	78
29	143	1	192
29	148	1	59
29	152	1	40
29	157	1	184
29	160	1	56
29	162	1	1897
29	170	1	187
29	171	1	38
29	175	1	162
29	176	1	518
29	179	1	632
29	182	1	59
29	188	1	750
29	-1	1	36316
30	6	1	288
30	9	1	856
30	10	1	114
30	13	1	137
30	14	1	2316
30	18	1	74
30	19	1	133
30	23	1	42
30	24	1	38
30	26	1	320
30	27	1	378
30	28	1	50
30	29	1	198
30	31	1	273
30	32	1	4246
30	33	1	498
30	34	1	37
30	37	1	479
30	39	1	1622
30	41	1	596
30	52	1	56
30	53	1	316
30	54	1	2238
30	55	1	50
30	56	1	75
30	57	1	49
30	58	1	42
30	61	1	80
30	62	1	29
30	64	1	122
30	65	1	504
30	66	1	12336
30	69	1	79
30	70	1	90
30	72	1	285
30	73	1	88
30	75	1	603
30	76	1	5872
30	77	1	108
30	79	1	142
30	82	1	60
30	83	1	744
30	84	1	100
30	87	1	4011
30	90	1	444
30	101	1	510
30	105	1	4958
30	107	1	459
30	108	1	44
30	109	1	114
30	111	1	71
30	114	1	322
30	115	1	482
30	117	1	154
30	118	1	526
30	119	1	52
30	122	1	126
30	123	1	631
30	131	1	658
30	134	1	220
30	135	1	1352
30	137	1	32
30	141	1	336
30	142	1	38
30	143	1	79
30	146	1	34
30	150	1	124
30	151	1	170
30	153	1	305
30	156	1	30
30	158	1	184
30	159	1	42
30	160	1	1200
30	162	1	3666
30	170	1	31
30	171	1	162
30	172	1	84
30	175	1	146
30	177	1	60
30	178	1	316
30	179	1	1372
30	180	1	273
30	182	1	142
30	184	1	388
30	185	1	288
30	186	1	432
30	188	1	619
30	-1	1	62450
31	3	1	33
31	6	1	38
31	9	1	4231
31	10	1	439
31	13	1	67
31	15	1	102
31	17	1	93
31	19	1	70
31	21	1	38
31	23	1	2762
31	24	1	284
31	25	1	37
31	26	1	234
31	30	1	78
31	32	1	552
31	33	1	322
31	34	1	198
31	35	1	96
31	37	1	470
31	38	1	32
31	39	1	1004
31	41	1	724
31	46	1	191
31	47	1	44
31	52	1	3289
31	54	1	1816
31	55	1	122
31	57	1	108
31	61	1	114
31	62	1	38
31	65	1	775
31	66	1	22918
31	72	1	264
31	74	1	130
31	75	1	670
31	76	1	909
31	77	1	340
31	84	1	307
31	89	1	95
31	90	1	104
31	92	1	38
31	99	1	124
31	103	1	60
31	104	1	110
31	105	1	400
31	107	1	60
31	109	1	594
31	111	1	37
31	112	1	44
31	113	1	80
31	114	1	154
31	115	1	66
31	119	1	119
31	121	1	128
31	123	1	5352
31	131	1	2558
31	134	1	31
31	136	1	36
31	137	1	42
31	139	1	198
31	143	1	286
31	146	1	54
31	148	1	148
31	160	1	3366
31	162	1	434
31	166	1	50
31	171	1	50
31	172	1	634
31	175	1	1020
31	177	1	142
31	179	1	2028
31	180	1	62
31	181	1	80
31	182	1	240
31	187	1	77
31	188	1	502
31	-1	1	63542
32	1	1	31
32	2	1	50
32	3	1	70
32	6	1	50
32	10	1	70
32	13	1	270
32	14	1	1374
32	15	1	131
32	17	1	111
32	19	1	203
32	21	1	52
32	24	1	34
32	25	1	272
32	29	1	220
32	30	1	426
32	31	1	325
32	33	1	44
32	34	1	117
32	35	1	886
32	36	1	118
32	37	1	76
32	38	1	66
32	40	1	68
32	41	1	31
32	42	1	75
32	45	1	122
32	46	1	72
32	50	1	76
32	53	1	62
32	55	1	535
32	57	1	281
32	58	1	100
32	61	1	49
32	62	1	26
32	66	1	552
32	69	1	44
32	70	1	44
32	72	1	28
32	73	1	694
32	76	1	25
32	77	1	58
32	79	1	2485
32	82	1	634
32	83	1	106
32	84	1	297
32	85	1	153
32	87	1	1642
32	89	1	372
32	92	1	76
32	93	1	114
32	94	1	102
32	98	1	112
32	99	1	504
32	101	1	1558
32	102	1	34
32	105	1	324
32	107	1	254
32	108	1	76
32	110	1	29
32	113	1	60
32	114	1	52
32	115	1	56
32	116	1	102
32	117	1	146
32	118	1	188
32	119	1	197
32	121	1	325
32	123	1	40
32	126	1	34
32	127	1	70
32	128	1	28
32	129	1	50
32	130	1	496
32	134	1	183
32	135	1	1448
32	136	1	36
32	139	1	264
32	140	1	35
32	142	1	63
32	143	1	54
32	146	1	102
32	148	1	304
32	150	1	212
32	152	1	913
32	153	1	726
32	154	1	237
32	155	1	640
32	156	1	190
32	157	1	830
32	158	1	36
32	160	1	27
32	162	1	382
32	167	1	48
32	171	1	125
32	174	1	70
32	177	1	62
32	178	1	496
32	179	1	84
32	180	1	25
32	182	1	58
32	183	1	44
32	184	1	197
32	185	1	40
32	186	1	311
32	187	1	36
32	188	1	39
32	-1	1	26971
33	1	1	28
33	2	1	26
33	3	1	955
33	6	1	429
33	7	1	32
33	10	1	85
33	12	1	148
33	13	1	1685
33	14	1	1470
33	15	1	68
33	17	1	123
33	19	1	30
33	21	1	40
33	25	1	198
33	29	1	434
33	30	1	425
33	31	1	204
33	34	1	82
33	35	1	1375
33	36	1	92
33	38	1	26
33	42	1	32
33	45	1	82
33	46	1	682
33	47	1	64
33	50	1	102
33	55	1	117
33	57	1	248
33	58	1	116
33	61	1	33
33	66	1	361
33	69	1	91
33	73	1	246
33	76	1	52
33	77	1	61
33	79	1	809
33	83	1	119
33	84	1	832
33	85	1	88
33	87	1	2270
33	89	1	272
33	92	1	878
33	93	1	379
33	94	1	1066
33	95	1	280
33	99	1	442
33	101	1	226
33	102	1	62
33	105	1	28
33	106	1	54
33	107	1	380
33	109	1	232
33	113	1	120
33	114	1	266
33	116	1	60
33	117	1	284
33	118	1	91
33	119	1	71
33	121	1	445
33	123	1	130
33	127	1	259
33	130	1	362
33	135	1	273
33	137	1	46
33	139	1	1720
33	143	1	128
33	148	1	313
33	149	1	399
33	150	1	41
33	152	1	360
33	153	1	314
33	154	1	151
33	155	1	188
33	156	1	102
33	157	1	58
33	162	1	575
33	163	1	34
33	165	1	167
33	167	1	66
33	171	1	37
33	172	1	266
33	174	1	30
33	175	1	33
33	178	1	38
33	179	1	236
33	182	1	198
33	183	1	37
33	185	1	93
33	186	1	120
33	187	1	78
33	188	1	194
33	-1	1	27042
34	6	1	310
34	10	1	28
34	14	1	186
34	25	1	29
34	29	1	64
34	35	1	140
34	37	1	34
34	40	1	26
34	53	1	92
34	54	1	37
34	57	1	83
34	58	1	94
34	66	1	162
34	75	1	30
34	81	1	28
34	82	1	26
34	93	1	784
34	99	1	28
34	101	1	302
34	105	1	83
34	121	1	28
34	123	1	80
34	130	1	496
34	131	1	29
34	135	1	156
34	152	1	52
34	154	1	56
34	155	1	48
34	156	1	38
34	160	1	32
34	165	1	198
34	175	1	29
34	186	1	78
34	-1	1	3886
35	9	1	259
35	10	1	102
35	14	1	46
35	17	1	47
35	26	1	30
35	31	1	134
35	32	1	1015
35	33	1	352
35	37	1	610
35	39	1	269
35	41	1	40
35	54	1	1140
35	61	1	61
35	62	1	32
35	65	1	164
35	66	1	17362
35	74	1	76
35	75	1	357
35	76	1	2492
35	79	1	32
35	82	1	64
35	83	1	100
35	87	1	2304
35	93	1	29
35	94	1	122
35	101	1	270
35	105	1	2906
35	107	1	122
35	114	1	88
35	123	1	778
35	130	1	84
35	131	1	134
35	135	1	106
35	136	1	72
35	152	1	82
35	153	1	132
35	156	1	2496
35	160	1	1292
35	162	1	246
35	172	1	30
35	175	1	180
35	177	1	28
35	179	1	137
35	181	1	82
35	186	1	112
35	188	1	176
35	-1	1	36792
36	9	1	100
36	10	1	48
36	13	1	34
36	31	1	100
36	33	1	128
36	37	1	44
36	39	1	26
36	45	1	135
36	53	1	50
36	54	1	32
36	61	1	56
36	65	1	68
36	66	1	992
36	74	1	66
36	76	1	107
36	89	1	30
36	104	1	26
36	105	1	142
36	107	1	32
36	111	1	30
36	114	1	60
36	123	1	111
36	130	1	76
36	152	1	67
36	157	1	72
36	160	1	104
36	175	1	31
36	179	1	61
36	188	1	52
36	-1	1	2880
37	2	1	34
37	3	1	652
37	6	1	1731
37	7	1	35
37	10	1	30
37	12	1	56
37	13	1	132
37	14	1	1208
37	15	1	3048
37	17	1	136
37	25	1	212
37	29	1	402
37	30	1	1616
37	31	1	145
37	32	1	154
37	33	1	46
37	34	1	116
37	35	1	702
37	36	1	72
37	38	1	350
37	39	1	319
37	41	1	52
37	45	1	152
37	46	1	3150
37	47	1	216
37	48	1	49
37	50	1	366
37	52	1	28
37	54	1	528
37	55	1	2139
37	57	1	133
37	58	1	176
37	61	1	27
37	66	1	2492
37	69	1	96
37	73	1	252
37	75	1	188
37	76	1	1329
37	77	1	33
37	79	1	7466
37	81	1	42
37	82	1	34
37	83	1	40
37	84	1	740
37	85	1	290
37	87	1	8065
37	89	1	319
37	90	1	28
37	92	1	76
37	93	1	38
37	94	1	1024
37	95	1	99
37	96	1	46
37	99	1	196
37	101	1	893
37	102	1	35
37	104	1	40
37	105	1	62
37	106	1	30
37	108	1	34
37	109	1	76
37	113	1	116
37	116	1	120
37	117	1	1309
37	118	1	2202
37	119	1	412
37	121	1	289
37	122	1	66
37	123	1	902
37	124	1	288
37	127	1	452
37	130	1	2526
37	131	1	262
37	135	1	1376
37	136	1	794
37	137	1	140
37	139	1	866
37	143	1	192
37	146	1	86
37	148	1	640
37	149	1	97
37	150	1	36
37	152	1	1730
37	153	1	212
37	154	1	252
37	155	1	216
37	156	1	288
37	157	1	392
37	159	1	199
37	160	1	194
37	162	1	452
37	165	1	342
37	167	1	73
37	169	1	28
37	171	1	691
37	175	1	426
37	178	1	522
37	179	1	90
37	180	1	52
37	182	1	194
37	183	1	86
37	184	1	166
37	185	1	46
37	186	1	194
37	187	1	110
37	-1	1	62401
38	4	1	34
38	9	1	247
38	13	1	110
38	14	1	112
38	19	1	106
38	23	1	29
38	24	1	25
38	26	1	296
38	32	1	1774
38	33	1	182
38	34	1	29
38	37	1	176
38	39	1	528
38	53	1	26
38	54	1	798
38	62	1	455
38	64	1	164
38	66	1	2292
38	70	1	53
38	74	1	44
38	75	1	252
38	76	1	2412
38	82	1	34
38	83	1	44
38	105	1	130
38	107	1	476
38	108	1	126
38	111	1	36
38	114	1	214
38	115	1	380
38	118	1	206
38	119	1	36
38	120	1	28
38	123	1	172
38	131	1	524
38	142	1	54
38	157	1	2403
38	158	1	40
38	160	1	378
38	172	1	134
38	173	1	352
38	175	1	158
38	177	1	450
38	179	1	122
38	181	1	40
38	182	1	28
38	188	1	128
38	-1	1	16837
39	2	1	68
39	3	1	246
39	6	1	288
39	7	1	55
39	9	1	64
39	10	1	15425
39	12	1	126
39	13	1	15194
39	14	1	2196
39	15	1	94
39	17	1	84
39	18	1	36
39	19	1	176
39	20	1	81
39	21	1	36
39	23	1	177
39	24	1	54
39	25	1	1350
39	27	1	78
39	29	1	493
39	30	1	1355
39	31	1	734
39	34	1	226
39	35	1	1242
39	36	1	332
39	37	1	130
39	38	1	174
39	40	1	85
39	41	1	11470
39	42	1	60
39	45	1	132
39	46	1	709
39	47	1	80
39	50	1	51
39	52	1	754
39	53	1	211
39	54	1	38
39	55	1	728
39	56	1	137
39	57	1	132
39	58	1	491
39	61	1	11694
39	62	1	124
39	66	1	1354
39	69	1	109
39	70	1	44
39	72	1	4203
39	73	1	768
39	74	1	74
39	75	1	26
39	76	1	2262
39	77	1	18693
39	79	1	2888
39	82	1	897
39	83	1	198
39	84	1	19697
39	85	1	388
39	87	1	37105
39	89	1	1130
39	90	1	138
39	92	1	516
39	93	1	1452
39	94	1	92
39	95	1	35
39	98	1	402
39	99	1	258
39	101	1	2018
39	102	1	53
39	103	1	160
39	104	1	1708
39	105	1	1385
39	107	1	414
39	108	1	200
39	109	1	62
39	110	1	120
39	113	1	474
39	114	1	3660
39	115	1	230
39	116	1	54
39	117	1	286
39	118	1	745
39	119	1	164
39	120	1	104
39	121	1	542
39	122	1	112
39	123	1	753
39	124	1	124
39	127	1	434
39	129	1	30
39	130	1	5013
39	131	1	154
39	134	1	3198
39	135	1	11384
39	136	1	176
39	137	1	34
39	139	1	338
39	140	1	51
39	142	1	99
39	143	1	124
39	144	1	28
39	146	1	54
39	148	1	322
39	149	1	60
39	150	1	419
39	152	1	2526
39	153	1	1254
39	155	1	622
39	156	1	56
39	157	1	1382
39	158	1	54
39	159	1	92
39	160	1	84
39	162	1	625
39	163	1	122
39	165	1	280
39	166	1	215
39	167	1	163
39	171	1	372
39	172	1	119
39	174	1	190
39	175	1	1304
39	176	1	26
39	178	1	1152
39	179	1	344
39	180	1	25
39	182	1	682
39	183	1	188
39	184	1	164
39	185	1	190
39	186	1	364
39	187	1	158
39	188	1	114
39	-1	1	208292
40	13	1	58
40	54	1	415
40	66	1	1234
40	74	1	126
40	76	1	150
40	119	1	82
40	177	1	428
40	186	1	46
40	-1	1	2539
41	2	1	44
41	3	1	634
41	4	1	92
41	6	1	521
41	9	1	26
41	12	1	227
41	13	1	405
41	14	1	1574
41	15	1	116
41	17	1	139
41	18	1	28
41	19	1	62
41	24	1	66
41	25	1	370
41	27	1	36
41	29	1	388
41	30	1	483
41	31	1	168
41	32	1	66
41	33	1	52
41	34	1	52
41	35	1	336
41	36	1	254
41	37	1	190
41	39	1	9860
41	40	1	154
41	42	1	64
41	45	1	101
41	46	1	436
41	47	1	39
41	50	1	74
41	53	1	32
41	54	1	61
41	55	1	348
41	56	1	32
41	57	1	106
41	58	1	941
41	61	1	369
41	62	1	28
41	66	1	563
41	69	1	117
41	70	1	122
41	72	1	3919
41	73	1	48
41	75	1	46
41	76	1	111
41	77	1	101
41	79	1	2063
41	81	1	357
41	82	1	61
41	83	1	334
41	84	1	358
41	85	1	510
41	87	1	3237
41	89	1	1176
41	90	1	124
41	92	1	90
41	93	1	357
41	94	1	524
41	98	1	26
41	99	1	200
41	101	1	514
41	102	1	53
41	103	1	166
41	105	1	203
41	106	1	58
41	107	1	256
41	108	1	101
41	109	1	54
41	111	1	58
41	113	1	282
41	114	1	178
41	115	1	116
41	116	1	230
41	117	1	194
41	118	1	822
41	119	1	171
41	121	1	196
41	122	1	46
41	123	1	94
41	124	1	26
41	126	1	30
41	127	1	326
41	130	1	7440
41	131	1	104
41	132	1	32
41	134	1	56
41	135	1	2116
41	136	1	138
41	139	1	47
41	142	1	60
41	143	1	68
41	144	1	52
41	146	1	39
41	148	1	376
41	149	1	50
41	150	1	352
41	152	1	2554
41	153	1	179
41	155	1	325
41	156	1	108
41	157	1	268
41	158	1	52
41	159	1	134
41	160	1	82
41	162	1	596
41	165	1	234
41	167	1	62
41	172	1	204
41	175	1	62
41	177	1	56
41	178	1	560
41	179	1	66
41	180	1	96
41	182	1	74
41	183	1	91
41	184	1	286
41	186	1	888
41	187	1	176
41	188	1	123
41	-1	1	55798
42	9	1	140
42	13	1	48
42	14	1	1124
42	19	1	140
42	32	1	512
42	33	1	39
42	37	1	62
42	39	1	70
42	54	1	894
42	62	1	38
42	66	1	7098
42	76	1	626
42	82	1	117
42	89	1	138
42	101	1	34
42	103	1	142
42	105	1	510
42	107	1	70
42	123	1	90
42	131	1	42
42	135	1	136
42	150	1	30
42	153	1	34
42	154	1	34
42	160	1	272
42	179	1	67
42	185	1	32
42	186	1	135
42	188	1	240
42	-1	1	12914
43	33	1	34
43	37	1	54
43	66	1	56
43	87	1	58
43	101	1	84
43	105	1	93
43	-1	1	379
45	9	1	45
45	19	1	27
45	32	1	400
45	33	1	110
45	37	1	528
45	39	1	1508
45	41	1	207
45	54	1	234
45	65	1	246
45	66	1	338
45	76	1	2122
45	82	1	32
45	87	1	30
45	101	1	50
45	105	1	56
45	114	1	84
45	123	1	475
45	131	1	104
45	160	1	36
45	179	1	176
45	-1	1	6808
46	4	1	69
46	6	1	25
46	9	1	1954
46	10	1	1238
46	13	1	570
46	14	1	3172
46	15	1	38
46	17	1	216
46	19	1	718
46	23	1	532
46	24	1	264
46	26	1	407
46	27	1	1136
46	29	1	143
46	31	1	1600
46	32	1	2136
46	33	1	1267
46	34	1	1258
46	36	1	177
46	37	1	2124
46	39	1	5606
46	41	1	1002
46	43	1	48
46	52	1	300
46	53	1	286
46	54	1	12524
46	55	1	886
46	56	1	64
46	57	1	37
46	58	1	288
46	60	1	34
46	61	1	738
46	62	1	286
46	64	1	172
46	65	1	1302
46	66	1	32414
46	69	1	212
46	70	1	76
46	72	1	818
46	73	1	351
46	74	1	220
46	75	1	2577
46	76	1	14632
46	77	1	867
46	82	1	461
46	83	1	524
46	84	1	66
46	87	1	30215
46	89	1	152
46	90	1	89
46	96	1	274
46	101	1	1953
46	102	1	53
46	103	1	216
46	104	1	444
46	105	1	7266
46	107	1	2084
46	108	1	235
46	109	1	152
46	111	1	1054
46	112	1	86
46	114	1	956
46	115	1	1114
46	117	1	692
46	118	1	2273
46	119	1	44
46	120	1	292
46	122	1	170
46	123	1	4456
46	124	1	50
46	125	1	25
46	126	1	30
46	128	1	32
46	131	1	2780
46	134	1	458
46	135	1	2760
46	136	1	266
46	143	1	558
46	144	1	46
46	146	1	192
46	150	1	180
46	151	1	118
46	153	1	1336
46	156	1	162
46	158	1	323
46	159	1	822
46	160	1	6596
46	161	1	191
46	162	1	1228
46	166	1	276
46	170	1	50
46	171	1	826
46	172	1	183
46	175	1	808
46	177	1	1022
46	178	1	78
46	179	1	2437
46	180	1	380
46	181	1	86
46	182	1	802
46	184	1	645
46	185	1	50
46	186	1	408
46	187	1	232
46	188	1	2196
46	-1	1	178737
48	13	1	1274
48	14	1	27
48	21	1	104
48	31	1	42
48	33	1	98
48	37	1	336
48	39	1	39
48	54	1	28
48	62	1	53
48	66	1	1201
48	76	1	44
48	79	1	470
48	82	1	30
48	87	1	486
48	105	1	60
48	107	1	134
48	108	1	61
48	123	1	43
48	126	1	25
48	127	1	62
48	130	1	30
48	135	1	28
48	153	1	30
48	172	1	32
48	175	1	32
48	177	1	48
48	184	1	60
48	186	1	32
48	-1	1	4909
50	34	1	40
50	37	1	100
50	66	1	62
50	74	1	115
50	75	1	30
50	87	1	101
50	113	1	25
50	156	1	94
50	-1	1	567
51	9	1	36
51	13	1	51
51	19	1	63
51	25	1	30
51	32	1	44
51	33	1	80
51	37	1	284
51	39	1	238
51	54	1	80
51	61	1	28
51	62	1	180
51	66	1	898
51	74	1	34
51	76	1	122
51	77	1	29
51	105	1	86
51	107	1	184
51	114	1	41
51	115	1	30
51	118	1	168
51	123	1	235
51	131	1	189
51	160	1	234
51	166	1	176
51	172	1	266
51	175	1	414
51	177	1	156
51	179	1	34
51	181	1	32
51	188	1	39
51	-1	1	4481
52	6	1	26
52	9	1	36
52	14	1	50
52	23	1	34
52	31	1	30
52	34	1	46
52	35	1	266
52	37	1	188
52	43	1	120
52	46	1	191
52	62	1	54
52	66	1	556
52	77	1	116
52	79	1	112
52	84	1	36
52	87	1	141
52	99	1	38
52	101	1	33
52	105	1	110
52	107	1	30
52	108	1	34
52	113	1	64
52	114	1	108
52	115	1	98
52	117	1	338
52	118	1	53
52	127	1	28
52	130	1	28
52	135	1	362
52	137	1	37
52	139	1	30
52	140	1	27
52	152	1	86
52	153	1	75
52	155	1	109
52	162	1	154
52	165	1	70
52	171	1	30
52	184	1	38
52	186	1	59
52	-1	1	4041
53	3	1	72
53	6	1	202
53	10	1	96
53	13	1	808
53	14	1	68
53	17	1	204
53	25	1	224
53	30	1	128
53	33	1	102
53	34	1	158
53	35	1	215
53	37	1	48
53	38	1	40
53	39	1	168
53	41	1	36
53	42	1	124
53	46	1	55
53	47	1	54
53	50	1	51
53	51	1	36
53	52	1	47
53	54	1	270
53	55	1	158
53	57	1	59
53	58	1	36
53	61	1	60
53	62	1	31
53	65	1	95
53	66	1	2066
53	69	1	34
53	73	1	172
53	74	1	81
53	75	1	52
53	76	1	278
53	77	1	251
53	79	1	222
53	81	1	142
53	84	1	684
53	85	1	72
53	87	1	58
53	89	1	330
53	92	1	28
53	93	1	39
53	94	1	34
53	98	1	30
53	99	1	164
53	102	1	42
53	104	1	46
53	107	1	164
53	108	1	103
53	109	1	60
53	111	1	60
53	114	1	547
53	116	1	26
53	117	1	62
53	118	1	176
53	119	1	56
53	121	1	31
53	123	1	1190
53	127	1	92
53	129	1	26
53	130	1	216
53	131	1	165
53	136	1	74
53	139	1	67
53	143	1	470
53	148	1	115
53	152	1	348
53	157	1	390
53	159	1	52
53	160	1	172
53	162	1	268
53	175	1	82
53	178	1	44
53	179	1	606
53	182	1	186
53	187	1	89
53	188	1	360
53	-1	1	14767
54	1	1	126
54	2	1	232
54	3	1	88
54	4	1	96
54	6	1	366
54	7	1	100
54	10	1	534
54	12	1	31
54	13	1	754
54	14	1	11925
54	15	1	988
54	17	1	152
54	18	1	41
54	19	1	875
54	21	1	218
54	23	1	136
54	24	1	102
54	25	1	1958
54	27	1	74
54	29	1	1451
54	30	1	1304
54	31	1	890
54	34	1	808
54	35	1	2350
54	36	1	229
54	37	1	304
54	38	1	766
54	40	1	190
54	41	1	124
54	42	1	88
54	45	1	88
54	46	1	1036
54	47	1	238
54	48	1	27
54	50	1	112
54	52	1	34
54	53	1	106
54	55	1	819
54	57	1	143
54	58	1	434
54	61	1	420
54	62	1	214
54	66	1	344
54	69	1	745
54	70	1	38
54	72	1	514
54	73	1	2378
54	74	1	46
54	75	1	30
54	76	1	740
54	77	1	1112
54	79	1	2178
54	81	1	36
54	82	1	2238
54	83	1	586
54	84	1	3214
54	85	1	1248
54	87	1	15345
54	89	1	2775
54	90	1	121
54	92	1	447
54	93	1	1196
54	94	1	136
54	95	1	56
54	96	1	70
54	98	1	620
54	99	1	839
54	101	1	1825
54	102	1	62
54	103	1	65
54	104	1	315
54	105	1	1623
54	107	1	728
54	108	1	1716
54	109	1	72
54	110	1	30
54	113	1	522
54	114	1	822
54	115	1	686
54	116	1	72
54	117	1	1150
54	118	1	1053
54	119	1	313
54	120	1	30
54	121	1	1122
54	122	1	65
54	123	1	4673
54	124	1	178
54	126	1	60
54	127	1	546
54	129	1	430
54	130	1	3444
54	131	1	702
54	134	1	1406
54	135	1	10466
54	136	1	140
54	137	1	76
54	139	1	1258
54	140	1	280
54	142	1	44
54	143	1	574
54	144	1	104
54	146	1	30
54	148	1	988
54	150	1	157
54	152	1	4510
54	153	1	1504
54	154	1	178
54	155	1	912
54	156	1	283
54	157	1	1704
54	158	1	124
54	159	1	193
54	160	1	804
54	162	1	2950
54	163	1	94
54	165	1	86
54	167	1	240
54	171	1	1306
54	172	1	155
54	174	1	347
54	175	1	1500
54	177	1	124
54	178	1	1458
54	179	1	961
54	180	1	98
54	182	1	1302
54	184	1	475
54	185	1	82
54	186	1	724
54	187	1	138
54	188	1	347
54	-1	1	128449
55	9	1	30
55	10	1	84
55	14	1	478
55	17	1	940
55	19	1	32
55	26	1	186
55	31	1	130
55	32	1	304
55	33	1	68
55	34	1	35
55	37	1	43
55	39	1	290
55	54	1	624
55	61	1	34
55	65	1	82
55	66	1	4586
55	73	1	90
55	74	1	64
55	75	1	80
55	76	1	876
55	77	1	108
55	81	1	25
55	83	1	186
55	87	1	2614
55	92	1	1929
55	95	1	38
55	99	1	153
55	101	1	1216
55	105	1	200
55	107	1	42
55	109	1	33
55	110	1	58
55	115	1	46
55	118	1	491
55	123	1	320
55	127	1	111
55	131	1	186
55	135	1	950
55	136	1	129
55	143	1	47
55	148	1	26
55	153	1	426
55	160	1	318
55	162	1	163
55	168	1	29
55	172	1	145
55	175	1	184
55	179	1	1988
55	182	1	104
55	184	1	86
55	186	1	90
55	187	1	63
55	188	1	52
55	-1	1	21612
56	13	1	38
56	14	1	108
56	15	1	102
56	25	1	38
56	30	1	99
56	35	1	160
56	46	1	64
56	50	1	278
56	54	1	33
56	55	1	34
56	66	1	60
56	69	1	160
56	72	1	28
56	75	1	80
56	76	1	60
56	84	1	74
56	87	1	134
56	93	1	336
56	94	1	110
56	99	1	30
56	101	1	28
56	113	1	29
56	116	1	30
56	118	1	54
56	130	1	61
56	135	1	139
56	143	1	42
56	148	1	223
56	152	1	69
56	155	1	46
56	156	1	90
56	157	1	91
56	160	1	26
56	162	1	31
56	175	1	926
56	179	1	26
56	182	1	40
56	186	1	188
56	188	1	44
56	-1	1	4209
57	9	1	88
57	14	1	397
57	32	1	171
57	33	1	33
57	37	1	94
57	39	1	55
57	54	1	67
57	62	1	31
57	66	1	737
57	74	1	25
57	76	1	266
57	82	1	39
57	87	1	312
57	101	1	248
57	105	1	245
57	112	1	58
57	114	1	60
57	123	1	92
57	130	1	36
57	131	1	34
57	135	1	96
57	160	1	714
57	175	1	28
57	185	1	54
57	186	1	51
57	188	1	50
57	-1	1	4081
58	9	1	228
58	10	1	222
58	13	1	58
58	19	1	173
58	26	1	30
58	27	1	95
58	32	1	194
58	33	1	328
58	35	1	34
58	37	1	116
58	38	1	168
58	39	1	434
58	41	1	94
58	53	1	44
58	54	1	390
58	55	1	43
58	62	1	46
58	65	1	112
58	66	1	5994
58	70	1	28
58	72	1	129
58	73	1	80
58	74	1	48
58	75	1	382
58	76	1	478
58	77	1	52
58	79	1	116
58	84	1	280
58	88	1	124
58	89	1	48
58	93	1	55
58	98	1	68
58	104	1	32
58	105	1	256
58	107	1	152
58	109	1	108
58	113	1	64
58	114	1	142
58	120	1	62
58	123	1	92
58	129	1	64
58	130	1	113
58	131	1	168
58	143	1	38
58	144	1	200
58	150	1	4348
58	152	1	54
58	154	1	27
58	157	1	232
58	158	1	56
58	160	1	260
58	162	1	514
58	171	1	65
58	172	1	98
58	173	1	56
58	175	1	272
58	177	1	62
58	178	1	2160
58	179	1	212
58	180	1	38
58	181	1	32
58	182	1	26
58	188	1	136
58	-1	1	20830
59	9	1	68
59	29	1	148
59	61	1	56
59	66	1	136
59	161	1	39
59	188	1	44
59	-1	1	491
60	66	1	310
60	-1	1	310
61	4	1	101
61	12	1	34
61	13	1	330
61	14	1	2479
61	15	1	70
61	17	1	62
61	19	1	55
61	23	1	221
61	24	1	83
61	25	1	46
61	29	1	89
61	30	1	77
61	31	1	44
61	32	1	74
61	33	1	81
61	34	1	29
61	35	1	92
61	36	1	105
61	37	1	210
61	39	1	3799
61	41	1	1480
61	42	1	85
61	45	1	54
61	50	1	189
61	53	1	92
61	54	1	48
61	55	1	288
61	56	1	118
61	57	1	122
61	58	1	79
61	59	1	55
61	62	1	94
61	66	1	1012
61	69	1	94
61	70	1	112
61	73	1	40
61	74	1	28
61	75	1	88
61	76	1	394
61	77	1	37
61	79	1	7926
61	81	1	32
61	82	1	30
61	83	1	290
61	84	1	172
61	85	1	91
61	87	1	152
61	89	1	74
61	93	1	3261
61	99	1	52
61	101	1	76
61	102	1	67
61	105	1	172
61	107	1	139
61	108	1	300
61	111	1	132
61	114	1	174
61	115	1	74
61	117	1	42
61	118	1	527
61	119	1	79
61	121	1	651
61	123	1	112
61	126	1	28
61	130	1	23790
61	131	1	59
61	134	1	50
61	135	1	465
61	136	1	108
61	139	1	117
61	143	1	124
61	148	1	83
61	150	1	188
61	152	1	1226
61	153	1	110
61	154	1	30
61	155	1	369
61	156	1	126
61	157	1	426
61	158	1	28
61	159	1	110
61	160	1	98
61	162	1	174
61	166	1	154
61	167	1	44
61	171	1	324
61	173	1	48
61	175	1	232
61	177	1	50
61	179	1	164
61	180	1	46
61	182	1	74
61	183	1	49
61	184	1	81
61	185	1	59
61	186	1	29
61	187	1	62
61	188	1	214
61	-1	1	56554
62	2	1	57
62	6	1	130
62	9	1	38
62	10	1	30
62	12	1	62
62	14	1	218
62	15	1	63
62	17	1	30
62	23	1	72
62	25	1	266
62	29	1	464
62	30	1	68
62	31	1	524
62	35	1	38
62	36	1	36
62	38	1	116
62	39	1	168
62	46	1	205
62	54	1	190
62	55	1	176
62	57	1	205
62	58	1	92
62	66	1	812
62	73	1	142
62	75	1	52
62	76	1	128
62	79	1	6688
62	82	1	172
62	84	1	316
62	85	1	35
62	87	1	2563
62	89	1	62
62	90	1	46
62	92	1	32
62	93	1	92
62	98	1	217
62	99	1	74
62	101	1	590
62	105	1	66
62	113	1	42
62	117	1	220
62	118	1	488
62	119	1	26
62	121	1	1152
62	122	1	38
62	123	1	182
62	124	1	80
62	130	1	1382
62	131	1	309
62	135	1	2416
62	136	1	40
62	139	1	50
62	140	1	82
62	143	1	37
62	146	1	70
62	148	1	243
62	150	1	86
62	152	1	2344
62	153	1	158
62	154	1	80
62	155	1	132
62	157	1	151
62	158	1	34
62	160	1	171
62	162	1	96
62	165	1	68
62	175	1	93
62	178	1	44
62	180	1	92
62	183	1	76
62	184	1	408
62	186	1	259
62	-1	1	26484
63	9	1	30
63	10	1	76
63	13	1	46
63	14	1	1306
63	15	1	96
63	19	1	67
63	30	1	34
63	31	1	34
63	34	1	50
63	35	1	28
63	37	1	26
63	41	1	26
63	55	1	26
63	58	1	27
63	61	1	32
63	72	1	26
63	77	1	38
63	79	1	54
63	82	1	36
63	83	1	134
63	84	1	36
63	85	1	38
63	99	1	44
63	101	1	69
63	105	1	268
63	107	1	217
63	108	1	42
63	115	1	62
63	118	1	134
63	121	1	26
63	126	1	50
63	128	1	25
63	130	1	40
63	135	1	619
63	142	1	44
63	148	1	76
63	152	1	47
63	153	1	42
63	157	1	389
63	162	1	56
63	171	1	30
63	179	1	45
63	182	1	28
63	187	1	34
63	-1	1	4653
64	3	1	38
64	6	1	80
64	14	1	3014
64	15	1	192
64	17	1	81
64	25	1	360
64	29	1	610
64	30	1	32
64	31	1	3569
64	34	1	46
64	35	1	102
64	36	1	254
64	46	1	60
64	50	1	42
64	55	1	33
64	58	1	196
64	66	1	161
64	69	1	68
64	73	1	186
64	79	1	24748
64	82	1	895
64	83	1	154
64	84	1	49
64	85	1	39
64	87	1	6208
64	92	1	44
64	93	1	4709
64	94	1	59
64	98	1	44
64	99	1	194
64	101	1	1907
64	113	1	81
64	117	1	209
64	118	1	426
64	121	1	121
64	123	1	36
64	124	1	194
64	129	1	259
64	130	1	8594
64	135	1	1562
64	136	1	30
64	139	1	246
64	140	1	406
64	148	1	286
64	150	1	46
64	152	1	3591
64	153	1	680
64	154	1	187
64	155	1	528
64	157	1	452
64	162	1	134
64	178	1	36
64	184	1	656
64	185	1	132
64	186	1	492
64	-1	1	67558
65	6	1	110
65	10	1	30
65	13	1	218
65	14	1	3506
65	15	1	87
65	17	1	44
65	19	1	80
65	23	1	28
65	25	1	64
65	29	1	119
65	30	1	270
65	31	1	1355
65	33	1	40
65	34	1	148
65	35	1	330
65	37	1	38
65	38	1	36
65	40	1	34
65	45	1	50
65	46	1	343
65	47	1	30
65	53	1	40
65	55	1	116
65	58	1	45
65	61	1	56
65	62	1	31
65	66	1	70
65	72	1	30
65	73	1	193
65	77	1	76
65	79	1	1237
65	82	1	1422
65	83	1	62
65	84	1	222
65	85	1	322
65	87	1	2784
65	89	1	177
65	90	1	41
65	92	1	40
65	93	1	100
65	98	1	204
65	99	1	216
65	101	1	208
65	105	1	58
65	106	1	166
65	107	1	70
65	108	1	121
65	113	1	46
65	114	1	268
65	115	1	64
65	116	1	37
65	117	1	62
65	118	1	362
65	119	1	34
65	121	1	1652
65	130	1	421
65	134	1	82
65	135	1	3590
65	136	1	74
65	139	1	54
65	143	1	350
65	148	1	170
65	150	1	64
65	152	1	272
65	153	1	144
65	154	1	714
65	155	1	132
65	156	1	177
65	157	1	257
65	158	1	110
65	159	1	38
65	162	1	148
65	171	1	218
65	174	1	30
65	178	1	58
65	179	1	49
65	182	1	163
65	184	1	60
65	185	1	60
65	186	1	183
65	-1	1	25210
66	1	1	560
66	2	1	564
66	3	1	2387
66	4	1	745
66	6	1	3030
66	7	1	234
66	9	1	830
66	10	1	5250
66	12	1	518
66	13	1	8182
66	14	1	50226
66	15	1	4678
66	16	1	66
66	17	1	4116
66	18	1	544
66	19	1	3538
66	20	1	362
66	21	1	830
66	23	1	730
66	24	1	207
66	25	1	16732
66	27	1	460
66	29	1	6956
66	30	1	15846
66	31	1	10299
66	32	1	4692
66	33	1	1446
66	34	1	1818
66	35	1	15526
66	36	1	2876
66	37	1	2260
66	38	1	3328
66	39	1	2746
66	40	1	460
66	41	1	2247
66	42	1	2394
66	43	1	162
66	45	1	1232
66	46	1	14278
66	47	1	6948
66	48	1	37
66	50	1	1588
66	52	1	3718
66	53	1	1350
66	54	1	1252
66	55	1	7396
66	56	1	1191
66	57	1	1310
66	58	1	3497
66	59	1	172
66	60	1	51
66	61	1	1781
66	62	1	1312
66	63	1	78
66	65	1	1092
66	69	1	4740
66	70	1	488
66	72	1	1440
66	73	1	11825
66	74	1	780
66	75	1	3528
66	76	1	8989
66	77	1	1783
66	78	1	523
66	79	1	39492
66	81	1	935
66	82	1	11272
66	83	1	2686
66	84	1	8777
66	85	1	4744
66	87	1	98678
66	89	1	23609
66	90	1	676
66	92	1	3984
66	93	1	5024
66	94	1	1046
66	95	1	564
66	96	1	86
66	98	1	2068
66	99	1	5320
66	101	1	44348
66	102	1	492
66	103	1	397
66	104	1	4326
66	105	1	13690
66	106	1	114
66	107	1	7468
66	108	1	2886
66	109	1	328
66	110	1	424
66	111	1	404
66	112	1	37
66	113	1	6106
66	114	1	2707
66	115	1	1562
66	116	1	1525
66	117	1	6898
66	118	1	11976
66	119	1	2484
66	120	1	271
66	121	1	10650
66	122	1	466
66	123	1	2430
66	124	1	1498
66	125	1	76
66	126	1	168
66	127	1	2593
66	128	1	390
66	129	1	528
66	130	1	33849
66	131	1	560
66	132	1	34
66	134	1	882
66	135	1	104992
66	136	1	1280
66	137	1	467
66	139	1	13936
66	140	1	4472
66	142	1	1912
66	143	1	2670
66	144	1	146
66	146	1	651
66	148	1	7092
66	149	1	560
66	150	1	3314
66	152	1	38378
66	153	1	16364
66	154	1	1438
66	155	1	14928
66	156	1	19260
66	157	1	21096
66	158	1	928
66	159	1	970
66	160	1	994
66	162	1	6676
66	163	1	310
66	164	1	227
66	165	1	746
66	166	1	420
66	167	1	1316
66	168	1	40
66	170	1	98
66	171	1	7004
66	172	1	551
66	173	1	84
66	174	1	1430
66	175	1	16728
66	176	1	212
66	177	1	1022
66	178	1	28318
66	179	1	5140
66	180	1	986
66	182	1	3106
66	183	1	460
66	184	1	4313
66	185	1	2147
66	186	1	13604
66	187	1	1004
66	188	1	4150
66	-1	1	987692
69	3	1	30
69	9	1	1568
69	13	1	82
69	17	1	52
69	25	1	26
69	26	1	170
69	32	1	124
69	33	1	440
69	35	1	84
69	37	1	231
69	39	1	386
69	41	1	89
69	53	1	116
69	54	1	254
69	56	1	57
69	61	1	65
69	66	1	8667
69	70	1	27
69	72	1	158
69	74	1	793
69	75	1	510
69	76	1	879
69	79	1	105
69	99	1	25
69	105	1	1242
69	107	1	27
69	109	1	28
69	123	1	346
69	130	1	107
69	131	1	68
69	134	1	34
69	144	1	26
69	155	1	140
69	157	1	50
69	160	1	362
69	171	1	56
69	172	1	64
69	175	1	50
69	179	1	314
69	182	1	53
69	188	1	716
69	-1	1	18621
70	13	1	55
70	14	1	66
70	15	1	133
70	25	1	292
70	29	1	102
70	30	1	50
70	32	1	50
70	35	1	102
70	39	1	56
70	55	1	106
70	58	1	106
70	66	1	106
70	69	1	55
70	76	1	131
70	77	1	28
70	79	1	72
70	83	1	45
70	84	1	38
70	87	1	165
70	93	1	38
70	98	1	30
70	99	1	40
70	101	1	28
70	105	1	104
70	115	1	129
70	118	1	243
70	119	1	32
70	121	1	48
70	124	1	45
70	130	1	144
70	139	1	32
70	140	1	1630
70	152	1	86
70	153	1	26
70	157	1	173
70	162	1	43
70	175	1	44
70	178	1	259
70	183	1	36
70	184	1	51
70	185	1	26
70	186	1	48
70	-1	1	5093
72	6	1	158
72	9	1	32
72	13	1	334
72	14	1	2913
72	15	1	280
72	19	1	148
72	23	1	30
72	24	1	52
72	25	1	549
72	27	1	26
72	29	1	94
72	30	1	120
72	31	1	170
72	32	1	42
72	33	1	41
72	34	1	88
72	35	1	184
72	36	1	82
72	37	1	314
72	38	1	71
72	39	1	3124
72	41	1	147
72	46	1	40
72	53	1	108
72	54	1	126
72	55	1	240
72	56	1	28
72	58	1	326
72	62	1	26
72	66	1	628
72	69	1	88
72	70	1	130
72	73	1	42
72	75	1	43
72	76	1	171
72	77	1	36
72	79	1	112
72	83	1	174
72	84	1	791
72	85	1	480
72	87	1	229
72	93	1	94
72	98	1	703
72	99	1	304
72	101	1	236
72	102	1	30
72	105	1	206
72	107	1	294
72	108	1	94
72	109	1	38
72	113	1	51
72	114	1	145
72	115	1	38
72	117	1	26
72	118	1	134
72	119	1	41
72	121	1	36
72	123	1	57
72	124	1	62
72	128	1	44
72	130	1	7744
72	131	1	74
72	134	1	118
72	135	1	1690
72	136	1	208
72	137	1	34
72	142	1	30
72	143	1	36
72	148	1	84
72	150	1	152
72	152	1	608
72	153	1	28
72	155	1	92
72	156	1	393
72	157	1	294
72	158	1	30
72	159	1	56
72	160	1	123
72	162	1	76
72	171	1	918
72	172	1	162
72	175	1	40
72	177	1	36
72	178	1	142
72	179	1	97
72	182	1	41
72	184	1	116
72	185	1	33
72	186	1	175
72	187	1	44
72	188	1	76
72	-1	1	29200
73	2	1	36
73	6	1	34
73	9	1	143
73	10	1	324
73	13	1	137
73	19	1	164
73	21	1	52
73	23	1	32
73	25	1	154
73	30	1	52
73	32	1	688
73	33	1	160
73	35	1	34
73	37	1	150
73	38	1	38
73	39	1	382
73	54	1	1887
73	57	1	34
73	61	1	49
73	65	1	121
73	66	1	8170
73	72	1	351
73	74	1	185
73	75	1	588
73	76	1	3224
73	77	1	34
73	84	1	114
73	85	1	34
73	99	1	26
73	105	1	1413
73	107	1	92
73	110	1	68
73	112	1	56
73	120	1	61
73	121	1	52
73	123	1	550
73	130	1	53
73	131	1	1090
73	157	1	27
73	158	1	83
73	160	1	1586
73	171	1	96
73	172	1	646
73	175	1	100
73	179	1	755
73	188	1	110
73	-1	1	24235
74	2	1	62
74	3	1	210
74	6	1	417
74	12	1	52
74	13	1	278
74	14	1	566
74	15	1	76
74	17	1	134
74	25	1	51
74	29	1	865
74	30	1	1186
74	31	1	390
74	33	1	58
74	35	1	318
74	36	1	86
74	39	1	350
74	41	1	92
74	46	1	192
74	50	1	67
74	53	1	104
74	54	1	76
74	55	1	1158
74	57	1	198
74	61	1	44
74	62	1	31
74	66	1	749
74	69	1	40
74	73	1	758
74	76	1	64
74	77	1	77
74	79	1	466
74	81	1	45
74	82	1	82
74	83	1	44
74	84	1	150
74	85	1	36
74	87	1	3430
74	89	1	212
74	90	1	44
74	93	1	156
74	94	1	384
74	95	1	54
74	99	1	257
74	101	1	225
74	102	1	27
74	105	1	51
74	111	1	70
74	113	1	34
74	114	1	56
74	115	1	292
74	116	1	168
74	117	1	2826
74	118	1	849
74	119	1	232
74	121	1	170
74	122	1	42
74	123	1	444
74	124	1	108
74	127	1	210
74	129	1	69
74	130	1	266
74	135	1	980
74	136	1	92
74	139	1	60
74	140	1	76
74	144	1	38
74	146	1	40
74	148	1	117
74	149	1	46
74	152	1	266
74	153	1	1410
74	155	1	71
74	156	1	34
74	157	1	118
74	158	1	25
74	159	1	64
74	160	1	181
74	162	1	182
74	165	1	158
74	175	1	76
74	178	1	124
74	179	1	110
74	180	1	49
74	182	1	34
74	184	1	56
74	185	1	32
74	187	1	67
74	-1	1	24754
75	1	1	45
75	2	1	76
75	3	1	30
75	4	1	26
75	6	1	64
75	7	1	32
75	10	1	171
75	12	1	57
75	13	1	1308
75	14	1	4866
75	15	1	53
75	17	1	78
75	19	1	205
75	21	1	30
75	23	1	66
75	24	1	78
75	25	1	884
75	27	1	41
75	29	1	832
75	30	1	379
75	31	1	617
75	34	1	366
75	35	1	673
75	36	1	54
75	37	1	182
75	38	1	517
75	39	1	26
75	40	1	72
75	41	1	32
75	42	1	44
75	43	1	28
75	45	1	78
75	46	1	294
75	47	1	106
75	50	1	64
75	53	1	210
75	55	1	1159
75	57	1	216
75	58	1	455
75	61	1	180
75	62	1	98
75	66	1	778
75	69	1	70
75	72	1	107
75	73	1	281
75	74	1	30
75	76	1	34
75	77	1	189
75	79	1	2634
75	82	1	3886
75	83	1	1120
75	84	1	1016
75	85	1	520
75	87	1	6590
75	89	1	4466
75	90	1	51
75	92	1	230
75	93	1	1154
75	94	1	45
75	98	1	95
75	99	1	752
75	101	1	2502
75	102	1	34
75	105	1	557
75	107	1	266
75	108	1	188
75	111	1	114
75	113	1	91
75	114	1	383
75	115	1	156
75	116	1	170
75	117	1	20882
75	118	1	712
75	119	1	98
75	121	1	234
75	122	1	28
75	123	1	68
75	124	1	56
75	127	1	226
75	128	1	26
75	129	1	165
75	130	1	6620
75	134	1	410
75	135	1	8996
75	136	1	86
75	139	1	2742
75	140	1	1049
75	142	1	38
75	143	1	129
75	146	1	52
75	148	1	262
75	150	1	107
75	152	1	2440
75	153	1	1038
75	154	1	162
75	155	1	11110
75	156	1	250
75	157	1	1274
75	158	1	72
75	159	1	76
75	160	1	43
75	162	1	807
75	163	1	35
75	165	1	100
75	167	1	79
75	170	1	25
75	171	1	672
75	172	1	70
75	174	1	112
75	178	1	2962
75	179	1	132
75	180	1	41
75	182	1	188
75	183	1	56
75	184	1	199
75	185	1	142
75	186	1	1835
75	187	1	146
75	188	1	52
75	-1	1	110405
76	1	1	28
76	2	1	111
76	3	1	42
76	4	1	134
76	6	1	282
76	7	1	62
76	9	1	40
76	10	1	388
76	12	1	38
76	13	1	1844
76	14	1	3108
76	15	1	774
76	17	1	103
76	18	1	199
76	19	1	854
76	21	1	58
76	23	1	48
76	24	1	122
76	25	1	930
76	27	1	98
76	29	1	917
76	30	1	1502
76	31	1	2208
76	33	1	119
76	34	1	270
76	35	1	1783
76	36	1	346
76	37	1	867
76	38	1	1290
76	39	1	138
76	40	1	67
76	42	1	384
76	43	1	34
76	45	1	30
76	46	1	577
76	47	1	60
76	50	1	70
76	53	1	250
76	54	1	242
76	55	1	1082
76	57	1	200
76	58	1	368
76	61	1	778
76	62	1	265
76	66	1	624
76	69	1	329
76	70	1	243
76	72	1	54
76	73	1	956
76	74	1	66
76	77	1	200
76	79	1	2310
76	82	1	1964
76	83	1	244
76	84	1	876
76	85	1	228
76	87	1	6937
76	89	1	694
76	90	1	56
76	92	1	1439
76	93	1	341
76	94	1	672
76	98	1	463
76	99	1	844
76	101	1	1278
76	102	1	68
76	105	1	3956
76	106	1	28
76	107	1	266
76	108	1	399
76	109	1	60
76	110	1	31
76	111	1	176
76	113	1	206
76	114	1	442
76	115	1	313
76	116	1	160
76	117	1	534
76	118	1	1387
76	119	1	174
76	121	1	1220
76	122	1	50
76	123	1	465
76	124	1	132
76	126	1	50
76	127	1	458
76	128	1	25
76	130	1	1450
76	131	1	38
76	134	1	163
76	135	1	8754
76	136	1	97
76	137	1	50
76	139	1	547
76	140	1	79
76	142	1	124
76	143	1	146
76	144	1	125
76	146	1	42
76	148	1	312
76	149	1	64
76	150	1	601
76	152	1	2758
76	153	1	2000
76	154	1	36
76	155	1	972
76	156	1	328
76	157	1	1884
76	158	1	85
76	159	1	66
76	160	1	146
76	162	1	916
76	163	1	124
76	165	1	124
76	167	1	128
76	171	1	591
76	172	1	46
76	174	1	122
76	175	1	112
76	176	1	65
76	177	1	126
76	178	1	272
76	179	1	468
76	182	1	190
76	183	1	46
76	184	1	399
76	185	1	192
76	186	1	850
76	187	1	118
76	188	1	370
76	-1	1	80654
77	2	1	74
77	3	1	150
77	6	1	64
77	9	1	42
77	10	1	46
77	12	1	118
77	13	1	192
77	14	1	4549
77	15	1	304
77	17	1	40
77	24	1	25
77	25	1	184
77	27	1	52
77	29	1	209
77	30	1	101
77	31	1	214
77	32	1	95
77	33	1	104
77	34	1	142
77	35	1	196
77	36	1	330
77	37	1	184
77	38	1	260
77	39	1	8590
77	41	1	78
77	42	1	29
77	46	1	825
77	50	1	37
77	52	1	34
77	53	1	71
77	54	1	584
77	55	1	426
77	57	1	154
77	58	1	143
77	66	1	427
77	73	1	536
77	74	1	35
77	75	1	128
77	76	1	42
77	79	1	9300
77	81	1	26
77	82	1	69
77	83	1	58
77	84	1	154
77	85	1	225
77	87	1	876
77	89	1	526
77	95	1	32
77	96	1	26
77	98	1	196
77	99	1	212
77	101	1	365
77	104	1	42
77	105	1	25
77	107	1	96
77	108	1	37
77	109	1	52
77	113	1	174
77	114	1	111
77	115	1	28
77	118	1	430
77	121	1	1077
77	122	1	44
77	123	1	110
77	130	1	184
77	131	1	154
77	134	1	58
77	135	1	1406
77	136	1	76
77	139	1	144
77	140	1	54
77	143	1	43
77	148	1	202
77	150	1	176
77	151	1	28
77	152	1	2498
77	153	1	148
77	154	1	67
77	155	1	170
77	156	1	72
77	157	1	758
77	160	1	321
77	165	1	30
77	167	1	230
77	171	1	742
77	175	1	52
77	178	1	186
77	179	1	254
77	182	1	42
77	183	1	32
77	184	1	216
77	185	1	73
77	186	1	289
77	187	1	38
77	188	1	124
77	-1	1	42972
79	2	1	132
79	3	1	36
79	4	1	34
79	6	1	34
79	9	1	3300
79	10	1	2651
79	13	1	1239
79	15	1	28
79	19	1	2497
79	22	1	127
79	24	1	280
79	26	1	1203
79	27	1	721
79	32	1	13142
79	33	1	1556
79	34	1	888
79	37	1	3828
79	39	1	7642
79	41	1	1946
79	43	1	84
79	46	1	76
79	52	1	150
79	53	1	88
79	54	1	15205
79	55	1	5840
79	57	1	88
79	58	1	27
79	61	1	3942
79	62	1	488
79	64	1	568
79	65	1	4078
79	66	1	55777
79	70	1	1504
79	72	1	2358
79	73	1	42
79	74	1	1205
79	75	1	3495
79	76	1	18966
79	77	1	3842
79	84	1	2964
79	87	1	110
79	88	1	44
79	89	1	184
79	90	1	116
79	96	1	138
79	102	1	56
79	103	1	88
79	104	1	1862
79	105	1	988
79	107	1	5714
79	108	1	625
79	109	1	662
79	111	1	46
79	112	1	631
79	114	1	1766
79	117	1	33
79	119	1	26
79	120	1	772
79	122	1	134
79	123	1	11710
79	126	1	42
79	127	1	154
79	128	1	153
79	131	1	13826
79	134	1	392
79	136	1	280
79	143	1	216
79	144	1	696
79	146	1	34
79	150	1	90
79	151	1	204
79	156	1	2422
79	158	1	200
79	159	1	60
79	160	1	11176
79	161	1	72
79	162	1	1772
79	170	1	78
79	171	1	58
79	172	1	3132
79	173	1	716
79	175	1	2550
79	177	1	1710
79	178	1	38
79	179	1	7559
79	180	1	96
79	181	1	1341
79	182	1	790
79	187	1	80
79	188	1	6874
79	-1	1	244587
81	9	1	495
81	33	1	856
81	37	1	272
81	39	1	32
81	41	1	162
81	53	1	261
81	54	1	368
81	66	1	7521
81	74	1	114
81	76	1	257
81	79	1	25
81	87	1	76
81	105	1	2084
81	115	1	86
81	123	1	73
81	153	1	38
81	160	1	106
81	167	1	44
81	-1	1	12870
82	2	1	44
82	3	1	496
82	6	1	660
82	9	1	2436
82	10	1	1470
82	12	1	96
82	13	1	258
82	15	1	102
82	17	1	382
82	18	1	278
82	19	1	226
82	24	1	132
82	25	1	438
82	27	1	182
82	30	1	185
82	32	1	304
82	33	1	4974
82	34	1	400
82	35	1	748
82	37	1	416
82	38	1	184
82	39	1	873
82	41	1	9326
82	45	1	30
82	46	1	1385
82	47	1	58
82	52	1	62
82	54	1	1520
82	55	1	56
82	57	1	274
82	61	1	201
82	62	1	198
82	63	1	68
82	65	1	36
82	66	1	7522
82	72	1	59
82	74	1	335
82	75	1	402
82	76	1	694
82	77	1	768
82	79	1	26
82	84	1	447
82	85	1	64
82	89	1	184
82	90	1	84
82	94	1	30
82	95	1	308
82	98	1	122
82	99	1	126
82	104	1	46
82	105	1	678
82	107	1	156
82	108	1	121
82	112	1	614
82	113	1	124
82	114	1	345
82	115	1	42
82	116	1	62
82	119	1	56
82	120	1	32
82	121	1	242
82	123	1	2219
82	126	1	27
82	127	1	118
82	131	1	192
82	134	1	36
82	136	1	150
82	139	1	327
82	143	1	596
82	144	1	726
82	148	1	600
82	149	1	168
82	152	1	26
82	154	1	45
82	157	1	1634
82	159	1	36
82	160	1	1682
82	162	1	901
82	163	1	55
82	165	1	118
82	167	1	43
82	170	1	28
82	171	1	54
82	172	1	80
82	174	1	28
82	175	1	250
82	177	1	26
82	179	1	536
82	180	1	74
82	181	1	96
82	182	1	191
82	187	1	150
82	188	1	30
82	-1	1	53429
83	3	1	75
83	6	1	220
83	9	1	1019
83	10	1	460
83	13	1	262
83	15	1	260
83	17	1	58
83	18	1	338
83	22	1	446
83	24	1	32
83	25	1	120
83	26	1	228
83	27	1	648
83	30	1	834
83	32	1	788
83	33	1	2172
83	34	1	144
83	35	1	1444
83	37	1	220
83	38	1	30
83	39	1	1033
83	41	1	292
83	45	1	158
83	46	1	174
83	47	1	4506
83	50	1	1199
83	52	1	126
83	53	1	42
83	54	1	3687
83	55	1	950
83	57	1	346
83	61	1	396
83	62	1	38
83	65	1	552
83	66	1	9190
83	72	1	394
83	74	1	70
83	75	1	2854
83	76	1	3105
83	77	1	119
83	79	1	111
83	84	1	817
83	85	1	151
83	89	1	164
83	90	1	92
83	92	1	64
83	94	1	118
83	95	1	26
83	98	1	47
83	99	1	122
83	103	1	34
83	105	1	356
83	107	1	704
83	109	1	93
83	110	1	33
83	111	1	25
83	112	1	34
83	113	1	178
83	114	1	218
83	116	1	194
83	119	1	137
83	120	1	121
83	121	1	34
83	123	1	1554
83	131	1	306
83	136	1	376
83	139	1	440
83	143	1	121
83	148	1	79
83	149	1	239
83	154	1	240
83	155	1	85
83	156	1	164
83	157	1	284
83	160	1	1988
83	161	1	614
83	162	1	1312
83	163	1	26
83	165	1	26
83	167	1	130
83	171	1	58
83	173	1	49
83	174	1	32
83	175	1	657
83	179	1	634
83	182	1	170
83	183	1	104
83	187	1	82
83	188	1	2012
83	-1	1	54684
84	9	1	257
84	10	1	60
84	14	1	518
84	19	1	75
84	23	1	51
84	27	1	62
84	32	1	1411
84	33	1	187
84	34	1	51
84	37	1	184
84	39	1	24461
84	41	1	67
84	53	1	80
84	54	1	5048
84	56	1	30
84	61	1	66
84	65	1	854
84	66	1	9655
84	72	1	63
84	74	1	72
84	75	1	1768
84	76	1	2248
84	82	1	26
84	83	1	49
84	87	1	1456
84	101	1	208
84	104	1	202
84	105	1	914
84	108	1	65
84	109	1	124
84	114	1	76
84	115	1	292
84	118	1	822
84	120	1	30
84	123	1	1550
84	127	1	27
84	128	1	166
84	130	1	31
84	131	1	2614
84	134	1	33
84	135	1	210
84	142	1	150
84	143	1	32
84	151	1	58
84	153	1	110
84	160	1	3482
84	162	1	106
84	172	1	38
84	175	1	1088
84	177	1	146
84	178	1	64
84	179	1	279
84	184	1	200
84	186	1	39
84	187	1	30
84	188	1	70
84	-1	1	62055
85	6	1	44
85	9	1	58
85	10	1	42
85	14	1	120
85	26	1	48
85	32	1	32
85	37	1	161
85	39	1	125
85	41	1	30
85	48	1	50
85	54	1	44
85	66	1	1328
85	70	1	162
85	72	1	37
85	73	1	34
85	75	1	34
85	76	1	75
85	82	1	90
85	83	1	128
85	87	1	388
85	101	1	430
85	105	1	288
85	107	1	36
85	110	1	46
85	118	1	447
85	121	1	448
85	123	1	100
85	130	1	27
85	131	1	103
85	135	1	115
85	160	1	110
85	175	1	30
85	186	1	62
85	-1	1	5272
87	1	1	38
87	2	1	34
87	3	1	622
87	6	1	1203
87	7	1	54
87	9	1	3326
87	10	1	7298
87	12	1	245
87	13	1	2240
87	15	1	828
87	17	1	930
87	19	1	584
87	21	1	120
87	22	1	44
87	23	1	55
87	24	1	802
87	25	1	2782
87	26	1	1420
87	27	1	256
87	30	1	3876
87	32	1	2656
87	33	1	4300
87	34	1	706
87	35	1	3868
87	37	1	2346
87	38	1	1350
87	39	1	60254
87	41	1	4353
87	42	1	408
87	45	1	116
87	46	1	2963
87	47	1	346
87	50	1	530
87	52	1	130
87	53	1	212
87	54	1	28986
87	55	1	2711
87	56	1	64
87	57	1	1202
87	61	1	2868
87	62	1	50
87	64	1	80
87	65	1	1598
87	66	1	112680
87	70	1	204
87	72	1	2504
87	74	1	1796
87	75	1	5268
87	76	1	17651
87	77	1	1702
87	79	1	976
87	81	1	396
87	84	1	2792
87	85	1	526
87	89	1	6557
87	90	1	370
87	92	1	629
87	94	1	150
87	95	1	144
87	98	1	487
87	99	1	2121
87	102	1	88
87	103	1	94
87	104	1	95
87	105	1	2886
87	107	1	1592
87	108	1	530
87	109	1	1304
87	110	1	364
87	111	1	150
87	112	1	346
87	113	1	1076
87	114	1	1287
87	115	1	374
87	116	1	265
87	119	1	136
87	120	1	638
87	121	1	2975
87	122	1	67
87	123	1	17402
87	125	1	124
87	127	1	730
87	128	1	72
87	130	1	40
87	131	1	7418
87	132	1	42
87	134	1	196
87	136	1	1295
87	137	1	312
87	139	1	930
87	140	1	146
87	141	1	60
87	143	1	1996
87	144	1	114
87	146	1	335
87	148	1	3096
87	149	1	28
87	152	1	293
87	154	1	458
87	155	1	228
87	156	1	369
87	157	1	3149
87	158	1	162
87	159	1	134
87	160	1	16498
87	161	1	30
87	162	1	11567
87	163	1	200
87	164	1	31
87	165	1	410
87	167	1	330
87	170	1	28
87	171	1	7184
87	172	1	1559
87	173	1	411
87	174	1	28
87	175	1	3657
87	177	1	753
87	179	1	10706
87	180	1	192
87	182	1	2406
87	183	1	98
87	187	1	1376
87	188	1	2738
87	-1	1	419405
88	14	1	220
88	25	1	142
88	30	1	26
88	73	1	37
88	87	1	258
88	135	1	237
88	139	1	35
88	152	1	39
88	160	1	34
88	172	1	216
88	-1	1	1244
89	9	1	1373
89	10	1	52
89	13	1	56
89	14	1	728
89	19	1	166
89	23	1	194
89	29	1	32
89	31	1	509
89	32	1	220
89	33	1	1282
89	34	1	196
89	37	1	482
89	39	1	876
89	41	1	200
89	52	1	63
89	53	1	27
89	54	1	796
89	61	1	34
89	64	1	47
89	66	1	41580
89	74	1	28
89	75	1	250
89	76	1	342
89	77	1	32
89	79	1	50
89	82	1	48
89	83	1	58
89	84	1	130
89	87	1	759
89	101	1	366
89	103	1	1696
89	105	1	608
89	107	1	233
89	114	1	101
89	115	1	258
89	118	1	154
89	120	1	76
89	123	1	12349
89	127	1	1360
89	130	1	326
89	131	1	763
89	135	1	440
89	136	1	70
89	139	1	94
89	143	1	66
89	146	1	54
89	153	1	181
89	160	1	7314
89	162	1	5812
89	171	1	52
89	175	1	230
89	177	1	84
89	179	1	736
89	182	1	46
89	183	1	37
89	184	1	35
89	185	1	52
89	186	1	91
89	188	1	402
89	-1	1	84696
90	39	1	30
90	46	1	41
90	66	1	485
90	76	1	29
90	82	1	26
90	105	1	54
90	123	1	209
90	131	1	50
90	153	1	40
90	175	1	62
90	186	1	154
90	-1	1	1180
92	9	1	991
92	10	1	644
92	13	1	221
92	14	1	504
92	17	1	1420
92	19	1	284
92	22	1	38
92	23	1	141
92	26	1	745
92	28	1	148
92	31	1	221
92	32	1	576
92	33	1	454
92	34	1	93
92	36	1	79
92	37	1	1040
92	39	1	566
92	41	1	537
92	53	1	70
92	54	1	3176
92	55	1	1858
92	56	1	47
92	61	1	962
92	62	1	591
92	65	1	298
92	66	1	14018
92	72	1	1354
92	73	1	70
92	74	1	616
92	75	1	802
92	76	1	2088
92	77	1	147
92	81	1	120
92	84	1	318
92	87	1	2612
92	89	1	186
92	95	1	1726
92	101	1	940
92	102	1	34
92	105	1	5894
92	107	1	373
92	108	1	32
92	109	1	121
92	110	1	38
92	114	1	202
92	115	1	856
92	117	1	100
92	118	1	1414
92	119	1	30
92	120	1	236
92	123	1	1566
92	126	1	32
92	127	1	508
92	128	1	50
92	131	1	1196
92	134	1	228
92	135	1	1338
92	136	1	229
92	142	1	48
92	143	1	332
92	144	1	894
92	150	1	51
92	151	1	82
92	153	1	508
92	156	1	50
92	158	1	172
92	160	1	2640
92	161	1	98
92	162	1	833
92	165	1	140
92	172	1	318
92	174	1	34
92	175	1	144
92	177	1	114
92	179	1	1106
92	181	1	624
92	182	1	46
92	184	1	287
92	185	1	57
92	186	1	183
92	187	1	50
92	188	1	308
92	-1	1	64297
93	2	1	39
93	3	1	30
93	4	1	32
93	9	1	120
93	10	1	121
93	13	1	387
93	19	1	414
93	24	1	148
93	27	1	112
93	29	1	26
93	32	1	1122
93	33	1	1056
93	34	1	175
93	35	1	68
93	36	1	203
93	37	1	812
93	39	1	2361
93	40	1	37
93	41	1	127
93	42	1	40
93	43	1	284
93	45	1	74
93	53	1	33
93	54	1	1368
93	58	1	25
93	61	1	35
93	65	1	490
93	66	1	7520
93	69	1	71
93	70	1	88
93	72	1	176
93	73	1	45
93	74	1	60
93	75	1	1822
93	76	1	2952
93	77	1	339
93	81	1	38
93	84	1	615
93	89	1	867
93	96	1	33
93	99	1	30
93	105	1	332
93	107	1	229
93	108	1	95
93	109	1	38
93	111	1	156
93	112	1	44
93	114	1	236
93	115	1	66
93	117	1	51
93	119	1	224
93	123	1	2842
93	126	1	27
93	127	1	26
93	131	1	160
93	134	1	72
93	136	1	58
93	143	1	64
93	149	1	38
93	150	1	54
93	160	1	1444
93	166	1	34
93	167	1	183
93	172	1	124
93	173	1	73
93	175	1	368
93	177	1	185
93	179	1	761
93	182	1	194
93	188	1	159
93	-1	1	32732
94	9	1	48
94	33	1	32
94	35	1	34
94	37	1	38
94	53	1	25
94	62	1	41
94	66	1	460
94	76	1	28
94	82	1	80
94	101	1	36
94	105	1	83
94	123	1	28
94	153	1	28
94	175	1	32
94	-1	1	993
95	1	1	25
95	9	1	136
95	10	1	128
95	14	1	44
95	19	1	160
95	24	1	64
95	27	1	42
95	31	1	91
95	32	1	81
95	33	1	630
95	34	1	77
95	37	1	308
95	39	1	206
95	41	1	48
95	53	1	56
95	54	1	1610
95	60	1	28
95	61	1	162
95	62	1	104
95	65	1	294
95	66	1	2517
95	72	1	146
95	74	1	70
95	75	1	456
95	76	1	1024
95	77	1	41
95	82	1	48
95	87	1	1916
95	101	1	301
95	105	1	542
95	107	1	155
95	109	1	34
95	112	1	102
95	114	1	70
95	115	1	28
95	118	1	72
95	120	1	118
95	123	1	310
95	127	1	39
95	128	1	32
95	131	1	358
95	135	1	228
95	143	1	252
95	144	1	41
95	153	1	632
95	160	1	2611
95	162	1	56
95	171	1	75
95	172	1	46
95	175	1	78
95	179	1	384
95	181	1	29
95	184	1	278
95	185	1	52
95	186	1	254
95	188	1	1486
95	-1	1	19175
96	66	1	26
96	-1	1	26
98	9	1	190
98	13	1	202
98	19	1	64
98	20	1	25
98	25	1	4634
98	26	1	46
98	33	1	47
98	39	1	626
98	41	1	62
98	43	1	111
98	54	1	402
98	64	1	64
98	65	1	82
98	66	1	2828
98	75	1	297
98	76	1	124
98	77	1	90
98	87	1	296
98	105	1	482
98	107	1	310
98	119	1	92
98	121	1	220
98	123	1	848
98	131	1	2234
98	134	1	46
98	135	1	71
98	144	1	36
98	160	1	530
98	172	1	86
98	175	1	256
98	179	1	137
98	186	1	69
98	188	1	30
98	-1	1	15637
99	32	1	30
99	39	1	47
99	41	1	52
99	54	1	31
99	55	1	116
99	66	1	180
99	76	1	29
99	87	1	294
99	101	1	53
99	123	1	66
99	131	1	53
99	135	1	58
99	136	1	63
99	160	1	28
99	162	1	119
99	182	1	32
99	-1	1	1251
2	1	48	
3	1	30	
6	1	417	
7	1	47	
9	1	420	
10	1	368	
12	1	69	
13	1	158	
15	1	62	
17	1	632	
19	1	158	
23	1	44	
27	1	27	
30	1	214	
32	1	828	
33	1	930	
34	1	572	
35	1	245	
37	1	722	
38	1	125	
39	1	2234	
41	1	355	
42	1	44	
45	1	67	
46	1	110	
47	1	1022	
50	1	25	
52	1	1470	
53	1	37	
54	1	1877	
55	1	83	
57	1	440	
61	1	666	
62	1	60	
65	1	108	
66	1	22641	
72	1	1008	
74	1	2118	
75	1	1460	
76	1	3420	
77	1	240	
84	1	295	
85	1	260	
89	1	755	
90	1	76	
94	1	52	
96	1	32	
99	1	208	
102	1	62	
105	1	310	
107	1	188	
108	1	180	
109	1	366	
110	1	42	
111	1	28	
112	1	4226	
114	1	384	
115	1	70	
119	1	100	
120	1	44	
122	1	34	
123	1	7685	
127	1	35	
131	1	940	
134	1	33	
136	1	173	
137	1	34	
143	1	272	
144	1	200	
146	1	53	
148	1	856	
156	1	29	
158	1	34	
159	1	88	
160	1	4908	
162	1	953	
163	1	36	
165	1	56	
167	1	55	
171	1	89	
172	1	119	
173	1	58	
175	1	469	
177	1	135	
179	1	2624	
180	1	110	
182	1	198	
183	1	96	
187	1	170	
188	1	3078	
-1	1	76899	
33	1	34	
37	1	26	
39	1	36	
66	1	302	
76	1	49	
94	1	122	
105	1	140	
123	1	39	
160	1	38	
-1	1	786	
66	1	573	
76	1	27	
135	1	26	
175	1	34	
-1	1	660	
3	1	38	
6	1	144	
14	1	314	
15	1	56	
21	1	25	
23	1	85	
25	1	28	
35	1	32	
54	1	60	
55	1	30	
57	1	32	
66	1	91	
73	1	84	
79	1	116	
87	1	42	
101	1	41	
105	1	106	
108	1	42	
115	1	34	
123	1	179	
135	1	468	
139	1	46	
140	1	34	
152	1	192	
153	1	36	
155	1	34	
157	1	64	
162	1	70	
165	1	28	
172	1	40	
174	1	26	
-1	1	2617	
2	1	80	
3	1	1240	
6	1	914	
7	1	56	
9	1	224	
10	1	1493	
12	1	137	
13	1	1634	
14	1	2647	
15	1	1751	
17	1	2615	
18	1	69	
19	1	93	
20	1	80	
24	1	38	
25	1	1338	
27	1	30	
29	1	574	
30	1	6286	
31	1	220	
32	1	532	
33	1	105	
34	1	878	
35	1	4525	
36	1	51	
37	1	355	
38	1	390	
39	1	5024	
41	1	1544	
42	1	112	
43	1	40	
45	1	194	
46	1	2436	
47	1	639	
48	1	38	
50	1	3770	
52	1	138	
54	1	3361	
55	1	7458	
57	1	1424	
58	1	560	
61	1	1016	
62	1	52	
63	1	28	
65	1	121	
66	1	19003	
69	1	797	
72	1	320	
73	1	938	
74	1	718	
75	1	2409	
76	1	6444	
77	1	1266	
81	1	1370	
82	1	56	
83	1	390	
84	1	3404	
85	1	1413	
87	1	3016	
89	1	5750	
90	1	180	
92	1	1005	
93	1	1236	
94	1	2462	
95	1	174	
96	1	54	
98	1	146	
99	1	2404	
101	1	511	
102	1	36	
103	1	104	
104	1	194	
106	1	32	
107	1	950	
108	1	190	
109	1	174	
110	1	32	
113	1	668	
114	1	552	
116	1	2322	
117	1	428	
118	1	936	
119	1	542	
121	1	2572	
122	1	136	
123	1	11998	
124	1	274	
127	1	6676	
129	1	49	
130	1	10592	
131	1	1930	
134	1	30	
135	1	4906	
136	1	441	
137	1	190	
139	1	1764	
140	1	156	
142	1	44	
143	1	1104	
146	1	104	
148	1	2957	
149	1	104	
150	1	176	
152	1	4216	
153	1	1242	
154	1	621	
155	1	879	
156	1	3224	
157	1	2522	
158	1	27	
159	1	183	
160	1	2680	
162	1	1865	
163	1	450	
165	1	27	
167	1	166	
170	1	50	
171	1	64	
172	1	204	
173	1	26	
175	1	1884	
177	1	53	
178	1	1718	
179	1	1735	
180	1	172	
182	1	1366	
183	1	78	
186	1	230	
187	1	510	
188	1	1391	
-1	1	192722	
9	1	297	
37	1	174	
54	1	97	
66	1	694	
93	1	36	
105	1	146	
123	1	78	
128	1	50	
188	1	170	
-1	1	1742	
2	1	63	
3	1	59	
5	1	62	
6	1	310	
7	1	114	
9	1	40	
10	1	206	
12	1	146	
13	1	278	
14	1	14620	
15	1	14292	
17	1	386	
19	1	33	
21	1	226	
23	1	30	
25	1	3348	
29	1	6510	
30	1	2142	
31	1	3330	
32	1	25	
34	1	86	
35	1	2208	
36	1	644	
37	1	101	
38	1	1367	
39	1	348	
40	1	100	
41	1	80	
42	1	65	
45	1	329	
46	1	1581	
47	1	976	
48	1	34	
50	1	2406	
51	1	78	
53	1	60	
54	1	579	
55	1	4108	
57	1	197	
58	1	916	
61	1	176	
66	1	1031	
69	1	334	
72	1	25	
73	1	1703	
75	1	90	
76	1	312	
77	1	197	
79	1	40556	
81	1	72	
82	1	229	
83	1	1785	
84	1	724	
85	1	950	
87	1	11608	
89	1	983	
90	1	134	
92	1	134	
93	1	5250	
94	1	149	
95	1	130	
96	1	30	
98	1	590	
99	1	2192	
101	1	1247	
102	1	68	
103	1	78	
105	1	535	
106	1	166	
108	1	32	
109	1	72	
110	1	101	
111	1	102	
113	1	388	
114	1	230	
115	1	73	
116	1	233	
117	1	1320	
118	1	3274	
119	1	158	
121	1	1810	
122	1	32	
123	1	480	
124	1	1494	
127	1	690	
129	1	266	
130	1	13588	
131	1	93	
134	1	57	
135	1	11179	
136	1	128	
137	1	35	
139	1	2572	
140	1	282	
142	1	30	
143	1	110	
146	1	179	
148	1	2264	
149	1	66	
150	1	550	
152	1	18906	
153	1	5070	
154	1	2376	
155	1	2630	
156	1	3926	
157	1	2666	
158	1	60	
159	1	36	
160	1	218	
162	1	1328	
163	1	46	
165	1	160	
166	1	74	
167	1	202	
170	1	50	
171	1	80	
174	1	92	
175	1	170	
176	1	68	
178	1	2328	
179	1	70	
180	1	134	
182	1	110	
183	1	66	
184	1	1892	
185	1	932	
186	1	2804	
187	1	94	
-1	1	222437	
14	1	117	
31	1	106	
32	1	117	
34	1	27	
39	1	186	
41	1	46	
53	1	60	
54	1	556	
65	1	189	
66	1	3212	
72	1	48	
74	1	1079	
75	1	101	
76	1	88	
77	1	71	
79	1	317	
82	1	89	
83	1	78	
84	1	102	
85	1	41	
87	1	301	
89	1	168	
101	1	30	
105	1	91	
115	1	40	
118	1	104	
123	1	752	
130	1	112	
131	1	178	
135	1	90	
152	1	134	
153	1	56	
155	1	64	
159	1	33	
160	1	120	
171	1	111	
172	1	39	
175	1	328	
177	1	135	
178	1	267	
179	1	141	
180	1	54	
184	1	36	
186	1	542	
188	1	68	
-1	1	10624	
6	1	46	
14	1	132	
15	1	139	
19	1	36	
24	1	174	
30	1	26	
31	1	48	
37	1	72	
54	1	60	
55	1	63	
65	1	34	
66	1	128	
76	1	36	
87	1	3862	
105	1	218	
115	1	60	
117	1	39	
118	1	54	
130	1	54	
131	1	76	
135	1	244	
136	1	26	
137	1	36	
146	1	26	
165	1	79	
175	1	41	
184	1	72	
186	1	42	
188	1	44	
-1	1	5967	
9	1	128	
13	1	32	
14	1	242	
25	1	49	
30	1	71	
31	1	51	
33	1	33	
39	1	89	
41	1	28	
46	1	60	
54	1	53	
55	1	38	
66	1	824	
69	1	54	
73	1	70	
75	1	66	
76	1	135	
82	1	142	
83	1	418	
87	1	429	
101	1	300	
105	1	504	
113	1	32	
118	1	619	
123	1	90	
130	1	36	
131	1	34	
135	1	100	
139	1	44	
149	1	190	
153	1	470	
157	1	78	
160	1	42	
171	1	44	
179	1	30	
186	1	26	
-1	1	5651	
9	1	72	
54	1	121	
66	1	1140	
107	1	470	
123	1	48	
130	1	46	
160	1	36	
188	1	392	
-1	1	2325	
101	1	1234	
153	1	353	
162	1	70	
-1	1	1657	
9	1	982	
10	1	129	
13	1	124	
14	1	452	
15	1	26	
19	1	631	
22	1	42	
23	1	276	
26	1	408	
27	1	64	
31	1	2076	
32	1	586	
33	1	400	
34	1	38	
37	1	450	
39	1	853	
41	1	262	
52	1	87	
53	1	146	
54	1	2120	
55	1	342	
56	1	90	
58	1	43	
61	1	302	
62	1	364	
64	1	194	
65	1	502	
66	1	11218	
69	1	45	
72	1	369	
73	1	52	
74	1	149	
75	1	377	
76	1	2420	
77	1	196	
82	1	32	
83	1	318	
87	1	4251	
101	1	470	
105	1	692	
107	1	633	
109	1	78	
114	1	248	
115	1	776	
117	1	320	
118	1	142	
120	1	32	
123	1	3394	
125	1	32	
131	1	733	
134	1	486	
135	1	976	
136	1	34	
142	1	154	
143	1	196	
144	1	1173	
151	1	113	
153	1	343	
156	1	589	
160	1	4172	
161	1	38	
162	1	418	
171	1	488	
172	1	146	
175	1	255	
177	1	702	
179	1	954	
181	1	216	
182	1	55	
184	1	823	
185	1	178	
186	1	854	
187	1	111	
188	1	1412	
-1	1	53852	
3	1	26	
9	1	32	
10	1	101	
13	1	186	
14	1	239	
15	1	32	
25	1	87	
29	1	82	
30	1	61	
31	1	144	
32	1	60	
33	1	163	
35	1	132	
36	1	110	
37	1	37	
38	1	63	
39	1	502	
41	1	62	
45	1	32	
50	1	25	
53	1	82	
54	1	290	
55	1	84	
56	1	36	
57	1	544	
61	1	48	
66	1	681	
72	1	34	
73	1	108	
75	1	96	
76	1	506	
77	1	338	
79	1	2446	
82	1	150	
84	1	311	
85	1	120	
87	1	764	
89	1	140	
93	1	154	
99	1	44	
101	1	366	
104	1	68	
105	1	196	
106	1	1244	
107	1	30	
109	1	26	
113	1	28	
117	1	189	
118	1	92	
121	1	204	
123	1	237	
124	1	28	
130	1	1045	
131	1	69	
135	1	406	
139	1	1035	
143	1	28	
148	1	418	
150	1	52	
152	1	2850	
153	1	140	
155	1	63	
156	1	65	
157	1	169	
159	1	37	
160	1	421	
161	1	30	
162	1	42	
171	1	84	
175	1	148	
178	1	732	
179	1	84	
180	1	90	
182	1	81	
184	1	42	
185	1	72	
186	1	280	
188	1	46	
-1	1	20389	
2	1	98	
3	1	78	
6	1	42	
9	1	116	
10	1	110	
13	1	960	
14	1	1026	
15	1	1204	
17	1	160	
19	1	100	
24	1	34	
25	1	594	
27	1	42	
29	1	92	
30	1	261	
31	1	157	
32	1	190	
33	1	106	
34	1	302	
35	1	571	
37	1	184	
38	1	120	
39	1	248	
41	1	53	
46	1	306	
47	1	138	
50	1	424	
52	1	92	
54	1	840	
55	1	260	
57	1	356	
58	1	97	
61	1	162	
62	1	66	
65	1	38	
66	1	2493	
69	1	126	
70	1	102	
72	1	92	
73	1	206	
75	1	248	
76	1	524	
77	1	184	
81	1	93	
83	1	149	
84	1	1060	
85	1	207	
87	1	532	
88	1	46	
89	1	496	
92	1	96	
93	1	304	
94	1	93	
98	1	58	
99	1	312	
101	1	78	
103	1	42	
104	1	36	
105	1	29	
107	1	190	
108	1	184	
109	1	119	
113	1	701	
114	1	182	
116	1	202	
117	1	277	
118	1	28	
119	1	244	
121	1	356	
123	1	334	
124	1	58	
127	1	538	
130	1	340	
131	1	370	
134	1	184	
135	1	1899	
136	1	56	
137	1	34	
139	1	2702	
143	1	436	
148	1	533	
150	1	85	
152	1	658	
153	1	208	
155	1	140	
156	1	128	
157	1	667	
158	1	44	
159	1	75	
160	1	729	
162	1	606	
167	1	42	
172	1	294	
175	1	323	
177	1	26	
178	1	1350	
179	1	362	
182	1	418	
184	1	51	
186	1	704	
187	1	62	
188	1	270	
-1	1	34442	
9	1	86	
31	1	92	
37	1	660	
54	1	42	
56	1	25	
66	1	64	
76	1	100	
79	1	42	
82	1	96	
83	1	38	
87	1	596	
101	1	164	
105	1	314	
114	1	120	
123	1	36	
153	1	378	
184	1	28	
186	1	34	
-1	1	2915	
9	1	312	
10	1	230	
19	1	304	
23	1	64	
24	1	48	
27	1	73	
32	1	162	
33	1	682	
35	1	30	
37	1	956	
39	1	730	
41	1	65	
54	1	922	
55	1	38	
58	1	26	
62	1	88	
65	1	580	
66	1	18879	
74	1	273	
75	1	1957	
76	1	367	
77	1	31	
79	1	45	
89	1	226	
92	1	73	
94	1	44	
105	1	866	
107	1	708	
108	1	330	
111	1	55	
114	1	68	
115	1	45	
123	1	646	
131	1	93	
139	1	34	
143	1	52	
152	1	26	
157	1	230	
159	1	62	
160	1	1646	
162	1	597	
172	1	470	
175	1	110	
179	1	136	
182	1	44	
187	1	26	
188	1	373	
-1	1	33822	
1	1	48	
3	1	188	
6	1	64	
9	1	3539	
10	1	422	
12	1	28	
13	1	840	
17	1	36	
19	1	178	
22	1	26	
23	1	78	
24	1	28	
25	1	156	
26	1	202	
27	1	38	
29	1	6342	
30	1	180	
32	1	458	
33	1	1252	
34	1	785	
35	1	195	
37	1	368	
38	1	328	
39	1	1088	
41	1	674	
42	1	32	
45	1	82	
46	1	102	
47	1	46	
52	1	44	
53	1	534	
54	1	935	
55	1	366	
57	1	196	
61	1	402	
62	1	79	
63	1	34	
65	1	78	
66	1	20534	
70	1	220	
72	1	366	
74	1	407	
75	1	596	
76	1	2069	
77	1	501	
79	1	207	
84	1	562	
85	1	90	
89	1	310	
90	1	118	
98	1	40	
99	1	110	
103	1	28	
105	1	1180	
107	1	945	
108	1	176	
109	1	120	
110	1	152	
111	1	86	
112	1	76	
114	1	64	
115	1	71	
116	1	150	
119	1	28	
120	1	96	
121	1	52	
122	1	58	
123	1	2834	
125	1	26	
126	1	26	
127	1	400	
130	1	103	
131	1	223	
134	1	50	
136	1	113	
139	1	170	
142	1	70	
143	1	386	
146	1	39	
148	1	431	
152	1	180	
156	1	102	
157	1	152	
158	1	108	
159	1	61	
160	1	818	
162	1	994	
167	1	46	
171	1	106	
172	1	195	
173	1	91	
175	1	760	
177	1	98	
179	1	5949	
180	1	80	
182	1	164	
183	1	37	
187	1	60	
188	1	2544	
-1	1	67299	
9	1	40	
14	1	25	
25	1	36	
37	1	52	
38	1	32	
41	1	29	
66	1	258	
74	1	1194	
75	1	74	
82	1	101	
87	1	193	
101	1	1388	
107	1	58	
123	1	41	
130	1	484	
131	1	119	
144	1	34	
157	1	1920	
160	1	412	
162	1	47	
167	1	26	
186	1	207	
188	1	76	
-1	1	6846	
2	1	27	
6	1	80	
13	1	288	
14	1	4069	
15	1	40	
17	1	61	
19	1	44	
25	1	610	
29	1	316	
30	1	462	
31	1	84	
34	1	96	
35	1	384	
36	1	91	
37	1	149	
38	1	164	
39	1	247	
42	1	64	
46	1	942	
47	1	43	
53	1	144	
54	1	60	
55	1	325	
57	1	78	
58	1	758	
66	1	1282	
70	1	46	
73	1	125	
75	1	43	
79	1	131	
82	1	1348	
83	1	36	
84	1	262	
85	1	519	
87	1	1555	
89	1	77	
90	1	113	
98	1	46	
99	1	128	
101	1	134	
102	1	95	
105	1	328	
107	1	66	
108	1	140	
109	1	54	
113	1	37	
114	1	650	
115	1	34	
116	1	61	
117	1	228	
118	1	116	
119	1	57	
121	1	66	
123	1	26	
124	1	52	
127	1	104	
130	1	1174	
134	1	39	
135	1	4950	
136	1	70	
139	1	515	
143	1	94	
148	1	432	
150	1	408	
152	1	879	
153	1	340	
154	1	36	
155	1	147	
157	1	156	
159	1	66	
160	1	29	
162	1	232	
165	1	34	
167	1	36	
171	1	195	
177	1	34	
178	1	872	
179	1	36	
182	1	90	
184	1	184	
185	1	60	
186	1	358	
187	1	166	
188	1	48	
-1	1	29265	
9	1	264	
10	1	619	
13	1	44	
14	1	104	
23	1	92	
25	1	8260	
26	1	36	
32	1	26	
33	1	356	
37	1	973	
39	1	218	
41	1	66	
53	1	194	
54	1	1912	
61	1	216	
62	1	66	
64	1	61	
65	1	980	
66	1	14061	
72	1	38	
73	1	99	
74	1	164	
75	1	156	
76	1	1105	
77	1	139	
82	1	36	
83	1	104	
84	1	164	
87	1	105	
98	1	28	
102	1	30	
104	1	126	
105	1	5141	
107	1	322	
108	1	68	
114	1	76	
115	1	32	
118	1	1045	
123	1	2515	
128	1	142	
131	1	926	
160	1	656	
162	1	41	
171	1	38	
172	1	680	
175	1	56	
177	1	32	
179	1	238	
188	1	394	
-1	1	43244	
54	1	30	
66	1	194	
79	1	125	
87	1	58	
101	1	88	
105	1	152	
107	1	34	
115	1	30	
130	1	46	
153	1	30	
157	1	130	
175	1	28	
-1	1	945	
1	1	68	
2	1	50	
3	1	146	
4	1	56	
6	1	476	
7	1	50	
9	1	160	
10	1	662	
13	1	3055	
14	1	15049	
15	1	1398	
17	1	344	
19	1	1305	
20	1	58	
21	1	116	
23	1	87	
24	1	68	
25	1	2277	
27	1	27	
29	1	495	
30	1	772	
31	1	1786	
32	1	68	
33	1	588	
34	1	309	
35	1	1794	
36	1	274	
37	1	836	
38	1	496	
39	1	379	
40	1	99	
41	1	189	
42	1	127	
43	1	50	
45	1	86	
46	1	554	
47	1	324	
50	1	194	
52	1	62	
53	1	940	
54	1	758	
55	1	1276	
56	1	110	
57	1	232	
58	1	408	
61	1	422	
62	1	1538	
65	1	68	
66	1	1770	
69	1	1244	
70	1	54	
72	1	85	
73	1	869	
74	1	76	
75	1	206	
76	1	1535	
77	1	576	
78	1	296	
79	1	4782	
81	1	40	
82	1	1126	
83	1	294	
84	1	2702	
85	1	1719	
87	1	32406	
89	1	15334	
90	1	72	
92	1	458	
93	1	2284	
94	1	82	
95	1	46	
98	1	2240	
99	1	1306	
101	1	11297	
102	1	62	
103	1	96	
104	1	2990	
105	1	7856	
106	1	27	
107	1	2512	
108	1	554	
109	1	45	
110	1	1558	
111	1	54	
113	1	172	
114	1	591	
115	1	288	
116	1	1158	
117	1	854	
118	1	1150	
119	1	182	
120	1	29	
121	1	1714	
122	1	50	
124	1	261	
126	1	48	
127	1	268	
128	1	102	
130	1	12092	
131	1	28	
134	1	240	
135	1	16602	
136	1	258	
137	1	51	
139	1	2422	
140	1	144	
142	1	34	
143	1	288	
146	1	94	
148	1	601	
149	1	66	
150	1	220	
152	1	5312	
153	1	1648	
154	1	84	
155	1	1135	
156	1	1198	
157	1	5660	
158	1	195	
159	1	176	
160	1	78	
162	1	1238	
163	1	79	
164	1	92	
165	1	382	
167	1	190	
171	1	1576	
172	1	285	
174	1	134	
175	1	10101	
177	1	32	
178	1	682	
179	1	306	
182	1	550	
183	1	98	
184	1	2368	
185	1	240	
186	1	3460	
187	1	186	
188	1	38	
-1	1	216869	
10	1	34	
25	1	70	
26	1	69	
32	1	49	
33	1	34	
37	1	224	
39	1	56	
46	1	48	
65	1	56	
66	1	1908	
72	1	36	
73	1	148	
76	1	206	
77	1	106	
79	1	62	
84	1	292	
88	1	48	
105	1	76	
107	1	26	
109	1	46	
114	1	34	
120	1	107	
123	1	30	
126	1	36	
131	1	130	
143	1	88	
144	1	130	
152	1	168	
160	1	102	
162	1	40	
177	1	76	
178	1	150	
179	1	38	
182	1	84	
188	1	63	
-1	1	4870	
14	1	226	
31	1	68	
55	1	32	
66	1	52	
79	1	46	
82	1	28	
83	1	58	
99	1	30	
118	1	109	
-1	1	649	
14	1	155	
29	1	206	
32	1	30	
34	1	36	
39	1	46	
52	1	28	
54	1	184	
66	1	927	
75	1	108	
76	1	60	
79	1	610	
82	1	40	
84	1	65	
87	1	427	
101	1	84	
104	1	26	
105	1	32	
123	1	216	
130	1	43	
131	1	80	
135	1	78	
136	1	43	
142	1	46	
160	1	86	
175	1	72	
-1	1	3728	
9	1	1624	
10	1	330	
14	1	184	
25	1	58	
31	1	66	
33	1	75	
37	1	360	
39	1	401	
41	1	266	
54	1	84	
61	1	1220	
62	1	70	
66	1	80558	
74	1	64	
76	1	370	
77	1	416	
82	1	64	
87	1	490	
89	1	1962	
93	1	42	
101	1	154	
104	1	42	
105	1	9928	
107	1	52	
108	1	160	
112	1	60	
114	1	30	
115	1	49	
117	1	25	
118	1	350	
123	1	94	
128	1	66	
130	1	232	
134	1	26	
135	1	146	
143	1	79	
153	1	494	
156	1	1174	
160	1	65	
171	1	38	
175	1	387	
179	1	225	
184	1	154	
185	1	170	
186	1	194	
187	1	72	
188	1	264	
-1	1	103434	
13	1	86	
18	1	169	
25	1	72	
30	1	302	
35	1	40	
46	1	101	
53	1	32	
54	1	30	
55	1	302	
66	1	736	
76	1	53	
79	1	2864	
82	1	26	
84	1	70	
85	1	36	
93	1	182	
101	1	97	
113	1	26	
118	1	122	
121	1	45	
123	1	192	
130	1	789	
135	1	109	
136	1	40	
142	1	86	
148	1	34	
152	1	556	
153	1	196	
156	1	168	
171	1	88	
184	1	206	
186	1	310	
187	1	51	
-1	1	8216	
9	1	36	
10	1	28	
17	1	362	
24	1	32	
33	1	102	
37	1	78	
39	1	258	
53	1	76	
54	1	37	
66	1	1380	
72	1	47	
75	1	928	
76	1	55	
77	1	64	
105	1	182	
108	1	44	
119	1	118	
123	1	80	
131	1	220	
134	1	58	
143	1	43	
160	1	104	
177	1	386	
179	1	50	
-1	1	4768	
3	1	260	
6	1	98	
9	1	5057	
10	1	1948	
13	1	690	
17	1	146	
19	1	3238	
21	1	26	
24	1	98	
26	1	310	
27	1	450	
29	1	76	
32	1	85	
33	1	2696	
34	1	322	
35	1	800	
36	1	82	
37	1	3024	
39	1	9270	
41	1	1432	
43	1	64	
45	1	41	
52	1	2875	
53	1	120	
54	1	4928	
57	1	36	
58	1	104	
61	1	693	
62	1	94	
65	1	529	
66	1	57919	
70	1	65	
72	1	3166	
73	1	101	
74	1	395	
75	1	1710	
76	1	3846	
77	1	3085	
81	1	34	
84	1	276	
89	1	1279	
90	1	52	
99	1	50	
102	1	48	
104	1	32	
105	1	2428	
107	1	1656	
108	1	702	
109	1	430	
110	1	25	
111	1	140	
114	1	1175	
117	1	962	
119	1	503	
120	1	76	
122	1	34	
123	1	9058	
126	1	32	
127	1	258	
131	1	3346	
134	1	444	
136	1	48	
143	1	439	
146	1	26	
149	1	41	
150	1	144	
159	1	103	
160	1	2828	
165	1	76	
166	1	77	
167	1	261	
172	1	1474	
173	1	132	
175	1	776	
177	1	457	
178	1	47	
179	1	4610	
181	1	27	
182	1	588	
183	1	40	
188	1	1794	
-1	1	146907	
2	1	102	
3	1	64	
4	1	30	
6	1	100	
8	1	162	
10	1	506	
13	1	789	
14	1	7953	
15	1	1320	
19	1	440	
23	1	52	
24	1	67	
25	1	832	
27	1	44	
29	1	1548	
30	1	388	
31	1	1652	
33	1	25	
34	1	240	
35	1	839	
36	1	630	
37	1	224	
38	1	227	
39	1	48	
40	1	78	
41	1	81	
42	1	67	
45	1	28	
46	1	474	
47	1	36	
53	1	155	
54	1	62	
55	1	263	
56	1	42	
57	1	151	
58	1	259	
61	1	206	
62	1	139	
66	1	417	
69	1	261	
72	1	373	
73	1	638	
76	1	48	
77	1	262	
79	1	1311	
81	1	27	
82	1	1285	
83	1	165	
84	1	1269	
85	1	131	
87	1	20611	
89	1	1325	
92	1	127	
93	1	170	
95	1	38	
98	1	1666	
99	1	1322	
101	1	1628	
102	1	44	
103	1	25	
105	1	3268	
107	1	246	
108	1	629	
109	1	42	
113	1	316	
114	1	272	
115	1	441	
116	1	78	
117	1	384	
118	1	1022	
119	1	92	
120	1	186	
121	1	255	
124	1	73	
127	1	150	
128	1	30	
130	1	3790	
134	1	791	
135	1	9370	
136	1	40	
137	1	28	
139	1	712	
140	1	355	
142	1	59	
143	1	86	
146	1	25	
148	1	420	
150	1	36	
152	1	3776	
153	1	2156	
155	1	590	
156	1	101	
157	1	1844	
158	1	134	
159	1	43	
162	1	654	
165	1	30	
167	1	84	
171	1	274	
172	1	490	
174	1	116	
175	1	46	
178	1	364	
179	1	28	
180	1	26	
182	1	276	
184	1	141	
185	1	33	
186	1	1694	
187	1	32	
188	1	48	
-1	1	89642	
30	1	56	
-1	1	56	
9	1	222	
10	1	80	
13	1	30	
14	1	1822	
23	1	166	
29	1	28	
31	1	52	
32	1	446	
33	1	683	
34	1	434	
39	1	8612	
41	1	260	
53	1	138	
54	1	689	
56	1	144	
61	1	112	
65	1	120	
66	1	1768	
72	1	168	
75	1	300	
76	1	594	
77	1	234	
79	1	532	
84	1	158	
87	1	540	
88	1	35	
89	1	52	
93	1	125	
105	1	210	
107	1	220	
113	1	37	
115	1	190	
117	1	144	
118	1	35	
120	1	52	
123	1	569	
130	1	1709	
131	1	929	
135	1	188	
136	1	30	
152	1	58	
153	1	128	
157	1	136	
159	1	31	
160	1	722	
162	1	42	
171	1	35	
172	1	147	
175	1	86	
177	1	102	
179	1	806	
182	1	27	
184	1	502	
186	1	106	
-1	1	25785	
2	1	44	
3	1	250	
6	1	500	
9	1	4114	
10	1	1265	
13	1	2107	
15	1	406	
17	1	414	
19	1	698	
21	1	38	
22	1	90	
23	1	378	
24	1	119	
25	1	154	
26	1	1234	
27	1	158	
28	1	64	
30	1	3226	
32	1	1900	
33	1	3178	
34	1	1144	
35	1	1602	
37	1	8368	
38	1	366	
39	1	15466	
41	1	2150	
42	1	46	
45	1	25	
46	1	2292	
47	1	468	
48	1	50	
50	1	282	
52	1	362	
53	1	46	
54	1	19238	
55	1	549	
56	1	252	
57	1	724	
61	1	571	
63	1	38	
64	1	76	
65	1	480	
66	1	121572	
70	1	494	
72	1	840	
73	1	163	
74	1	1011	
75	1	6694	
76	1	14858	
77	1	1012	
79	1	78	
81	1	130	
84	1	2643	
85	1	610	
89	1	9810	
90	1	272	
92	1	128	
94	1	33	
95	1	30	
98	1	42	
99	1	939	
102	1	52	
104	1	482	
105	1	3924	
107	1	511	
108	1	460	
109	1	713	
110	1	45	
111	1	250	
112	1	339	
113	1	1389	
114	1	5354	
115	1	1351	
116	1	115	
119	1	164	
120	1	281	
121	1	180	
122	1	38	
123	1	20092	
127	1	76	
131	1	11912	
134	1	294	
136	1	314	
137	1	27	
139	1	624	
140	1	110	
141	1	42810	
142	1	45	
143	1	1156	
144	1	146	
146	1	99	
148	1	1556	
152	1	53	
154	1	30	
156	1	210	
157	1	143	
158	1	46	
159	1	84	
160	1	11913	
161	1	32	
162	1	2798	
163	1	122	
165	1	322	
167	1	26	
170	1	40	
171	1	354	
172	1	1478	
173	1	30	
175	1	3408	
177	1	27	
178	1	141	
179	1	22442	
180	1	312	
181	1	80	
182	1	975	
183	1	42	
187	1	406	
188	1	2640	
-1	1	379354	
14	1	158	
19	1	62	
29	1	54	
31	1	286	
37	1	26	
39	1	48	
54	1	64	
66	1	775	
76	1	32	
79	1	126	
87	1	1912	
93	1	54	
105	1	730	
115	1	30	
123	1	4584	
130	1	41	
135	1	387	
157	1	38	
160	1	34	
175	1	27	
184	1	408	
186	1	99	
-1	1	9975	
14	1	75	
66	1	100	
87	1	32	
172	1	29	
-1	1	236	
9	1	96	
13	1	34	
27	1	30	
32	1	328	
34	1	608	
35	1	110	
37	1	118	
39	1	25	
41	1	31	
54	1	1946	
61	1	26	
66	1	1278	
70	1	34	
75	1	27	
76	1	476	
105	1	106	
107	1	35	
109	1	33	
123	1	62	
131	1	69	
136	1	648	
143	1	32	
160	1	54	
172	1	78	
174	1	30	
179	1	26	
188	1	32	
-1	1	6372	
9	1	922	
10	1	110	
14	1	559	
19	1	104	
25	1	279	
27	1	99	
33	1	27	
37	1	579	
39	1	306	
41	1	126	
53	1	66	
54	1	284	
62	1	46	
65	1	64	
66	1	12892	
70	1	318	
74	1	139	
75	1	19248	
76	1	854	
77	1	66	
82	1	88	
87	1	111	
89	1	70	
101	1	60	
105	1	1177	
107	1	300	
108	1	168	
114	1	34	
115	1	28	
118	1	1044	
119	1	312	
123	1	108	
131	1	732	
134	1	502	
135	1	717	
141	1	540	
160	1	2515	
172	1	442	
175	1	296	
179	1	68	
186	1	42	
188	1	739	
-1	1	47181	
14	1	391	
35	1	584	
66	1	142	
79	1	34	
83	1	1036	
84	1	410	
87	1	244	
123	1	31	
130	1	220	
135	1	31	
157	1	106	
-1	1	3229	
13	1	38	
39	1	246	
54	1	56	
61	1	45	
65	1	41	
66	1	452	
75	1	74	
76	1	136	
79	1	51	
84	1	27	
85	1	43	
93	1	62	
105	1	31	
130	1	94	
131	1	38	
153	1	36	
157	1	34	
160	1	224	
171	1	34	
-1	1	1762	
6	1	64	
14	1	80	
29	1	52	
31	1	58	
38	1	446	
39	1	58	
46	1	74	
66	1	294	
69	1	92	
87	1	275	
93	1	61	
101	1	52	
105	1	28	
109	1	31	
113	1	36	
130	1	54	
135	1	190	
139	1	70	
148	1	49	
153	1	46	
157	1	173	
160	1	42	
162	1	48	
165	1	67	
170	1	32	
175	1	31	
184	1	76	
-1	1	2579	
14	1	112	
17	1	32	
25	1	46	
29	1	144	
30	1	33	
31	1	103	
36	1	42	
54	1	36	
55	1	62	
57	1	52	
58	1	64	
66	1	85	
73	1	56	
76	1	50	
79	1	101	
84	1	38	
87	1	142	
89	1	48	
93	1	86	
99	1	36	
101	1	66	
105	1	29	
113	1	26	
117	1	54	
118	1	50	
121	1	40	
124	1	40	
130	1	120	
134	1	33	
135	1	34	
136	1	40	
143	1	36	
146	1	26	
148	1	68	
150	1	36	
152	1	98	
153	1	276	
154	1	30	
155	1	44	
157	1	63	
162	1	105	
180	1	41	
184	1	30	
186	1	40	
187	1	38	
-1	1	2831	
66	1	460	
79	1	84	
129	1	64	
152	1	182	
-1	1	790	
9	1	52	
14	1	224	
31	1	33	
39	1	76	
53	1	128	
54	1	30	
66	1	871	
76	1	44	
82	1	26	
83	1	105	
87	1	248	
101	1	89	
105	1	86	
123	1	66	
131	1	67	
135	1	156	
143	1	31	
153	1	56	
160	1	30	
162	1	62	
184	1	30	
185	1	58	
186	1	100	
188	1	28	
-1	1	2696	
9	1	25	
66	1	180	
82	1	48	
87	1	28	
105	1	56	
175	1	32	
-1	1	369	
9	1	284	
10	1	122	
19	1	118	
26	1	60	
27	1	74	
28	1	1426	
30	1	27	
32	1	148	
33	1	144	
35	1	30	
37	1	1528	
39	1	362	
41	1	300	
42	1	68	
54	1	122	
56	1	28	
57	1	26	
58	1	2778	
62	1	38	
66	1	7124	
72	1	104	
73	1	123	
74	1	294	
75	1	218	
76	1	625	
77	1	188	
79	1	530	
87	1	316	
89	1	48	
93	1	79	
105	1	1974	
107	1	888	
114	1	227	
121	1	56	
123	1	210	
130	1	398	
131	1	32	
134	1	76	
143	1	54	
152	1	63	
154	1	42	
155	1	94	
157	1	113	
160	1	436	
171	1	109	
175	1	74	
178	1	4400	
179	1	144	
188	1	804	
-1	1	27526	
14	1	29	
135	1	37	
186	1	28	
-1	1	94	
2	1	46	
3	1	99	
4	1	35	
6	1	4503	
7	1	28	
9	1	990	
10	1	1364	
12	1	98	
13	1	1670	
17	1	32	
19	1	3147	
20	1	34	
21	1	154	
23	1	270	
24	1	277	
26	1	127	
27	1	207	
29	1	2275	
32	1	5920	
33	1	862	
34	1	1265	
35	1	303	
36	1	230	
37	1	132	
39	1	620	
40	1	58	
41	1	204	
42	1	65	
45	1	103	
47	1	36	
48	1	32	
50	1	119	
52	1	236	
53	1	528	
54	1	2798	
55	1	112	
56	1	30	
57	1	180	
58	1	200	
61	1	632	
62	1	335	
64	1	295	
65	1	271	
66	1	26686	
69	1	164	
72	1	966	
73	1	1179	
74	1	58	
75	1	1474	
76	1	4265	
77	1	454	
81	1	104	
84	1	7293	
85	1	198	
89	1	519	
90	1	552	
94	1	128	
99	1	596	
102	1	63	
103	1	455	
104	1	72	
105	1	820	
107	1	1648	
108	1	722	
109	1	502	
110	1	46	
111	1	834	
112	1	990	
114	1	1062	
115	1	240	
116	1	41	
117	1	862	
119	1	219	
120	1	194	
122	1	468	
123	1	1270	
124	1	71	
126	1	48	
127	1	85	
128	1	26	
131	1	1262	
134	1	292	
136	1	2314	
142	1	140	
143	1	1044	
144	1	68	
146	1	168	
148	1	268	
149	1	45	
150	1	250	
158	1	312	
159	1	715	
160	1	2192	
162	1	700	
163	1	30	
165	1	602	
166	1	224	
167	1	380	
170	1	64	
171	1	528	
172	1	822	
173	1	170	
174	1	38	
175	1	2454	
177	1	522	
178	1	430	
179	1	2186	
180	1	536	
181	1	135	
182	1	1222	
187	1	280	
188	1	136	
-1	1	106825	
3	1	104	
6	1	158	
9	1	3350	
10	1	1537	
13	1	622	
15	1	86	
18	1	44	
19	1	746	
21	1	28	
24	1	42	
26	1	80	
27	1	30	
30	1	309	
32	1	1294	
33	1	1261	
34	1	420	
35	1	260	
37	1	2750	
39	1	856	
40	1	46	
41	1	524	
45	1	30	
46	1	200	
47	1	76	
52	1	2681	
53	1	2530	
54	1	3372	
55	1	302	
57	1	557	
61	1	536	
62	1	42	
65	1	712	
66	1	30926	
72	1	331	
74	1	2100	
75	1	676	
76	1	2952	
77	1	240	
84	1	784	
85	1	214	
89	1	668	
90	1	110	
92	1	80	
99	1	184	
102	1	28	
103	1	52	
104	1	712	
105	1	2000	
107	1	714	
108	1	205	
109	1	409	
110	1	28	
112	1	11228	
114	1	598	
115	1	329	
116	1	30	
119	1	136	
120	1	170	
122	1	29	
123	1	8726	
127	1	111	
128	1	101	
131	1	1982	
136	1	198	
137	1	92	
141	1	1551	
142	1	92	
143	1	691	
144	1	37	
146	1	43	
148	1	234	
159	1	61	
160	1	3412	
162	1	1564	
163	1	30	
165	1	36	
167	1	34	
170	1	35	
171	1	299	
172	1	939	
173	1	426	
175	1	1006	
177	1	114	
179	1	3586	
180	1	88	
181	1	35	
182	1	1100	
183	1	102	
187	1	326	
188	1	2305	
-1	1	110874	
9	1	402	
10	1	28	
19	1	62	
23	1	91	
26	1	114	
32	1	1318	
33	1	240	
34	1	337	
37	1	342	
39	1	1064	
41	1	92	
52	1	140	
53	1	191	
54	1	493	
56	1	35	
61	1	116	
64	1	32	
65	1	1780	
66	1	5100	
70	1	44	
72	1	136	
74	1	70	
75	1	317	
76	1	1270	
77	1	42	
90	1	390	
101	1	26	
104	1	720	
105	1	472	
107	1	132	
108	1	26	
112	1	115	
114	1	267	
115	1	60	
123	1	770	
131	1	511	
132	1	32	
136	1	74	
143	1	391	
144	1	52	
146	1	30	
157	1	226	
160	1	710	
162	1	854	
172	1	148	
173	1	782	
175	1	528	
179	1	310	
188	1	171	
-1	1	21653	
9	1	108	
19	1	53	
32	1	142	
34	1	86	
37	1	30	
39	1	64	
54	1	126	
61	1	43	
62	1	29	
65	1	32	
66	1	373	
72	1	36	
76	1	112	
77	1	30	
105	1	233	
107	1	77	
115	1	50	
123	1	64	
131	1	42	
158	1	69	
160	1	52	
175	1	61	
188	1	59	
-1	1	1971	
9	1	112	
10	1	50	
14	1	390	
18	1	134	
19	1	28	
26	1	136	
31	1	113	
32	1	602	
35	1	51	
37	1	66	
39	1	132	
41	1	100	
46	1	1522	
54	1	328	
61	1	48	
66	1	59224	
72	1	67	
74	1	98	
75	1	212	
76	1	1336	
77	1	52	
81	1	34	
82	1	32	
83	1	66	
85	1	34	
87	1	1319	
92	1	1656	
95	1	5629	
101	1	436	
104	1	40	
105	1	41	
107	1	296	
110	1	269	
113	1	4080	
118	1	212	
121	1	146	
123	1	631	
127	1	6780	
128	1	110	
131	1	116	
135	1	498	
143	1	460	
153	1	171	
160	1	208	
172	1	418	
173	1	124	
175	1	52	
179	1	1770	
184	1	68	
188	1	216	
-1	1	90713	
4	1	258	
6	1	126	
9	1	554	
13	1	26	
14	1	751	
19	1	684	
25	1	3746	
27	1	28	
31	1	66	
32	1	1094	
33	1	238	
34	1	228	
37	1	280	
38	1	552	
39	1	206	
41	1	65	
53	1	1332	
54	1	1074	
61	1	108	
64	1	36	
65	1	147	
66	1	10658	
70	1	1078	
74	1	65	
75	1	1088	
76	1	1836	
83	1	42	
87	1	1123	
90	1	26	
105	1	381	
107	1	1654	
108	1	62	
109	1	86	
111	1	254	
114	1	424	
115	1	37	
118	1	543	
119	1	676	
122	1	180	
123	1	3222	
126	1	102	
128	1	94	
131	1	8850	
134	1	68	
135	1	480	
136	1	132	
142	1	116	
143	1	25	
154	1	978	
156	1	27	
159	1	122	
160	1	284	
162	1	235	
166	1	96	
170	1	56	
172	1	4700	
175	1	794	
177	1	223	
179	1	526	
180	1	54	
181	1	302	
182	1	145	
187	1	52	
-1	1	53495	
9	1	548	
19	1	73	
27	1	27	
31	1	33	
32	1	406	
33	1	30	
39	1	554	
41	1	57	
53	1	52	
54	1	559	
56	1	90	
65	1	158	
66	1	1593	
72	1	52	
75	1	626	
76	1	437	
77	1	36	
79	1	52	
87	1	695	
101	1	48	
105	1	40	
107	1	59	
114	1	503	
115	1	114	
123	1	1541	
130	1	509	
131	1	743	
135	1	46	
151	1	46	
152	1	64	
153	1	52	
160	1	652	
175	1	124	
177	1	60	
-1	1	10679	
3	1	32	
6	1	98	
19	1	28	
21	1	26	
31	1	34	
33	1	56	
36	1	32	
37	1	82	
39	1	34	
54	1	101	
66	1	942	
75	1	36	
76	1	34	
87	1	108	
103	1	32	
118	1	182	
123	1	1270	
131	1	25	
135	1	172	
160	1	322	
172	1	38	
186	1	30	
-1	1	3714	
2	1	184	
3	1	40	
6	1	155	
7	1	71	
10	1	532	
12	1	126	
13	1	592	
14	1	13557	
15	1	486	
17	1	208	
19	1	464	
21	1	87	
23	1	168	
24	1	145	
25	1	1800	
27	1	25	
29	1	356	
30	1	1708	
31	1	3560	
32	1	136	
33	1	61	
34	1	297	
35	1	1556	
36	1	94	
37	1	399	
38	1	298	
39	1	40	
40	1	62	
41	1	90	
42	1	180	
45	1	73	
46	1	2156	
47	1	41	
50	1	339	
53	1	273	
54	1	122	
55	1	1065	
56	1	78	
57	1	290	
58	1	232	
61	1	322	
62	1	84	
66	1	663	
69	1	74	
72	1	1308	
73	1	794	
75	1	40	
76	1	214	
77	1	242	
79	1	2798	
82	1	3224	
83	1	1770	
84	1	1156	
85	1	438	
87	1	16435	
89	1	4575	
90	1	30	
92	1	94	
93	1	362	
94	1	60	
98	1	547	
99	1	646	
101	1	2880	
102	1	60	
103	1	43	
105	1	3067	
107	1	312	
108	1	166	
109	1	28	
110	1	28	
111	1	66	
113	1	310	
114	1	1074	
115	1	220	
116	1	193	
117	1	3366	
118	1	891	
119	1	173	
121	1	704	
124	1	139	
126	1	32	
127	1	274	
128	1	156	
129	1	227	
130	1	3442	
134	1	332	
135	1	29226	
136	1	84	
137	1	31	
139	1	658	
140	1	258	
142	1	82	
143	1	241	
148	1	404	
150	1	118	
152	1	5005	
153	1	9870	
154	1	217	
155	1	1200	
156	1	162	
157	1	2330	
158	1	98	
159	1	67	
162	1	1048	
163	1	46	
166	1	146	
167	1	102	
171	1	500	
172	1	63	
174	1	188	
175	1	768	
177	1	60	
178	1	622	
179	1	524	
180	1	29	
182	1	292	
184	1	822	
185	1	90	
186	1	4330	
187	1	104	
-1	1	145990	
9	1	36	
13	1	185	
14	1	698	
29	1	44	
30	1	34	
31	1	66	
37	1	78	
39	1	46	
46	1	30	
52	1	64	
54	1	66	
66	1	3414	
74	1	33	
75	1	50	
76	1	62	
77	1	38	
79	1	37	
82	1	386	
87	1	187	
89	1	62	
92	1	27	
93	1	51	
101	1	86	
105	1	138	
107	1	110	
113	1	78	
117	1	25	
118	1	48	
123	1	114	
130	1	264	
131	1	435	
135	1	117	
139	1	69	
153	1	696	
160	1	75	
164	1	124	
171	1	32	
175	1	516	
186	1	178	
188	1	34	
-1	1	8833	
52	1	34	
66	1	78	
153	1	28	
160	1	116	
-1	1	256	
6	1	31	
66	1	70	
84	1	71	
162	1	334	
165	1	531	
-1	1	1037	
13	1	44	
37	1	67	
66	1	194	
105	1	82	
135	1	48	
153	1	44	
159	1	54	
-1	1	533	
14	1	26	
54	1	54	
66	1	1140	
160	1	598	
188	1	72	
-1	1	1890	
9	1	66	
10	1	32	
32	1	226	
33	1	230	
37	1	89	
39	1	296	
54	1	669	
61	1	65	
62	1	118	
65	1	72	
66	1	4327	
72	1	65	
74	1	101	
75	1	1102	
76	1	3245	
77	1	44	
89	1	38	
101	1	56	
105	1	124	
114	1	98	
120	1	34	
123	1	1250	
131	1	200	
150	1	28	
151	1	303	
152	1	34	
160	1	435	
175	1	148	
177	1	124	
179	1	56	
184	1	66	
185	1	56	
186	1	284	
188	1	223	
-1	1	14304	
66	1	180	
160	1	58	
179	1	46	
184	1	28	
-1	1	312	
3	1	118	
6	1	144	
9	1	246	
10	1	101	
12	1	82	
14	1	642	
19	1	44	
24	1	58	
26	1	58	
27	1	43	
29	1	247	
30	1	66	
31	1	205	
32	1	134	
33	1	51	
34	1	163	
36	1	40	
37	1	264	
39	1	553	
41	1	140	
46	1	210	
52	1	66	
53	1	234	
54	1	875	
58	1	51	
61	1	118	
65	1	308	
66	1	12668	
72	1	114	
73	1	90	
75	1	392	
76	1	1621	
77	1	132	
79	1	262	
82	1	60	
83	1	78	
87	1	202	
90	1	34	
93	1	266	
101	1	161	
103	1	42	
104	1	94	
105	1	188	
106	1	52	
107	1	157	
109	1	234	
113	1	100	
114	1	92	
117	1	106	
118	1	112	
120	1	34	
121	1	2398	
123	1	1109	
127	1	68	
128	1	57	
130	1	1192	
131	1	368	
135	1	222	
137	1	38	
139	1	178	
142	1	30	
143	1	224	
146	1	230	
150	1	50	
152	1	274	
153	1	1086	
155	1	76	
157	1	339	
160	1	642	
162	1	187	
163	1	25	
166	1	52	
170	1	50	
175	1	957	
177	1	56	
178	1	56	
179	1	380	
180	1	46	
181	1	26	
182	1	297	
184	1	26	
185	1	40	
186	1	275	
187	1	56	
-1	1	33662	
2	1	48	
3	1	186	
6	1	129	
9	1	37	
10	1	70	
12	1	62	
13	1	62	
14	1	1847	
15	1	534	
23	1	67	
24	1	25	
25	1	100	
29	1	443	
30	1	282	
31	1	1354	
34	1	73	
35	1	481	
36	1	190	
38	1	60	
39	1	41	
40	1	48	
45	1	26	
46	1	70	
54	1	120	
55	1	96	
57	1	88	
58	1	189	
61	1	33	
66	1	664	
69	1	66	
72	1	42	
73	1	717	
75	1	30	
76	1	46	
77	1	34	
79	1	5814	
82	1	2929	
83	1	3682	
84	1	593	
85	1	56	
87	1	5798	
89	1	65	
90	1	32	
93	1	1096	
94	1	40	
95	1	27	
96	1	28	
98	1	332	
99	1	126	
101	1	782	
103	1	42	
105	1	54	
106	1	44	
108	1	42	
111	1	26	
113	1	47	
115	1	83	
117	1	265	
118	1	60	
119	1	66	
121	1	117	
123	1	98	
124	1	44	
127	1	33	
130	1	2080	
135	1	3602	
136	1	340	
139	1	294	
143	1	74	
144	1	250	
146	1	29	
148	1	56	
150	1	28	
152	1	2327	
153	1	1342	
154	1	36	
155	1	320	
156	1	126	
157	1	2124	
159	1	30	
160	1	70	
162	1	1517	
165	1	127	
166	1	38	
171	1	70	
174	1	34	
175	1	54	
178	1	742	
179	1	75	
180	1	72	
182	1	136	
184	1	108	
185	1	388	
186	1	1335	
187	1	34	
-1	1	48639	
14	1	26	
37	1	32	
57	1	38	
66	1	32	
79	1	114	
85	1	40	
101	1	50	
118	1	144	
135	1	36	
152	1	94	
153	1	30	
162	1	34	
185	1	84	
-1	1	754	
39	1	42	
66	1	827	
75	1	248	
123	1	40	
130	1	1076	
131	1	210	
151	1	119	
152	1	34	
160	1	70	
175	1	58	
177	1	38	
-1	1	2762	
1	1	26	
2	1	26	
3	1	116	
6	1	294	
7	1	41	
10	1	120	
12	1	34	
13	1	316	
14	1	1433	
15	1	61	
17	1	60	
18	1	66	
19	1	512	
21	1	120	
23	1	130	
24	1	31	
25	1	380	
27	1	37	
29	1	484	
30	1	917	
31	1	153	
32	1	54	
33	1	185	
34	1	168	
35	1	334	
36	1	36	
37	1	370	
38	1	40	
39	1	2914	
41	1	37	
42	1	32	
46	1	116	
53	1	204	
54	1	1166	
55	1	93	
56	1	224	
57	1	162	
58	1	84	
61	1	134	
62	1	45	
66	1	2935	
69	1	48	
72	1	78	
73	1	692	
74	1	34	
76	1	124	
77	1	103	
79	1	500	
82	1	128	
83	1	480	
84	1	594	
85	1	48	
87	1	2435	
89	1	528	
90	1	35	
92	1	318	
93	1	72	
94	1	30	
98	1	168	
99	1	256	
101	1	274	
103	1	52	
105	1	1022	
107	1	389	
108	1	160	
111	1	52	
114	1	270	
115	1	152	
116	1	44	
117	1	488	
118	1	143	
119	1	38	
122	1	32	
123	1	570	
127	1	34	
129	1	40	
130	1	478	
131	1	80	
134	1	41	
135	1	1744	
136	1	28	
137	1	68	
139	1	106	
140	1	104	
142	1	46	
143	1	77	
146	1	25	
148	1	350	
150	1	166	
152	1	864	
153	1	286	
155	1	311	
156	1	64	
157	1	72	
158	1	60	
160	1	479	
162	1	846	
163	1	38	
165	1	102	
167	1	122	
171	1	224	
172	1	30	
174	1	28	
178	1	142	
179	1	487	
182	1	86	
183	1	50	
184	1	224	
186	1	726	
187	1	49	
188	1	84	
-1	1	33808	
9	1	102	
13	1	34	
29	1	1250	
34	1	46	
37	1	84	
54	1	30	
62	1	82	
66	1	820	
74	1	30	
76	1	82	
77	1	28	
99	1	70	
103	1	90	
107	1	109	
122	1	27	
162	1	481	
171	1	28	
175	1	32	
177	1	50	
188	1	206	
-1	1	3681	
2	1	130	
5	1	36	
12	1	28	
13	1	38	
14	1	4046	
15	1	566	
17	1	34	
19	1	26	
25	1	215	
29	1	311	
30	1	256	
31	1	880	
32	1	38	
35	1	254	
36	1	90	
38	1	106	
39	1	44	
45	1	44	
46	1	339	
50	1	64	
53	1	30	
54	1	106	
55	1	211	
58	1	539	
66	1	430	
69	1	80	
73	1	182	
76	1	47	
79	1	880	
81	1	28	
82	1	127	
83	1	372	
84	1	72	
85	1	121	
87	1	3503	
89	1	55	
90	1	46	
93	1	239	
98	1	166	
99	1	179	
101	1	744	
103	1	58	
105	1	155	
107	1	58	
110	1	26	
111	1	312	
113	1	61	
117	1	104	
118	1	372	
119	1	54	
121	1	110	
123	1	30	
124	1	70	
127	1	35	
129	1	30	
130	1	521	
131	1	78	
134	1	62	
135	1	1492	
136	1	31	
137	1	124	
139	1	88	
140	1	129	
143	1	25	
146	1	56	
148	1	173	
150	1	70	
152	1	448	
153	1	332	
154	1	228	
155	1	578	
156	1	44	
157	1	180	
158	1	34	
162	1	500	
165	1	77	
166	1	52	
167	1	53	
174	1	67	
178	1	191	
179	1	172	
180	1	46	
182	1	26	
184	1	1222	
186	1	2223	
188	1	39	
-1	1	26538	
9	1	2260	
10	1	119	
13	1	28	
14	1	404	
19	1	157	
23	1	32	
25	1	46	
26	1	28	
27	1	28	
32	1	78	
33	1	470	
34	1	100	
37	1	526	
39	1	167	
41	1	45	
48	1	51	
52	1	59	
54	1	808	
55	1	179	
58	1	37	
61	1	44	
66	1	28826	
70	1	32	
72	1	214	
74	1	493	
75	1	1119	
76	1	5333	
77	1	112	
79	1	29	
84	1	374	
85	1	162	
87	1	157	
89	1	102	
102	1	26	
105	1	2122	
107	1	93	
109	1	30	
115	1	1664	
120	1	31	
121	1	30	
123	1	423	
130	1	36	
131	1	1890	
139	1	25	
143	1	941	
151	1	8594	
154	1	29	
155	1	79	
157	1	260	
160	1	3838	
162	1	531	
171	1	46	
172	1	494	
175	1	36	
179	1	294	
181	1	60	
182	1	48	
188	1	428	
-1	1	64667	
1	1	34	
2	1	62	
3	1	142	
6	1	192	
10	1	211	
13	1	132	
14	1	3504	
15	1	160	
17	1	170	
19	1	106	
23	1	197	
24	1	113	
25	1	42	
29	1	146	
30	1	622	
31	1	3336	
32	1	62	
33	1	26	
34	1	26	
35	1	118	
36	1	236	
38	1	50	
39	1	199	
45	1	38	
46	1	1300	
47	1	36	
50	1	26	
53	1	424	
54	1	359	
55	1	1362	
57	1	80	
58	1	470	
61	1	82	
66	1	871	
69	1	284	
72	1	36	
73	1	359	
75	1	204	
76	1	168	
77	1	548	
79	1	1608	
81	1	36	
82	1	430	
83	1	368	
84	1	490	
85	1	60	
87	1	9878	
89	1	125	
91	1	26	
92	1	62	
95	1	94	
99	1	158	
101	1	1458	
104	1	94	
105	1	652	
108	1	40	
113	1	96	
114	1	130	
115	1	598	
116	1	86	
117	1	502	
118	1	362	
119	1	54	
121	1	242	
123	1	72	
124	1	34	
127	1	142	
129	1	26	
130	1	504	
134	1	148	
135	1	6797	
137	1	142	
139	1	228	
148	1	571	
150	1	332	
152	1	1048	
153	1	1611	
155	1	314	
156	1	94	
157	1	134	
160	1	146	
162	1	979	
163	1	57	
165	1	139	
171	1	210	
172	1	31	
174	1	71	
175	1	66	
177	1	42	
178	1	449	
182	1	26	
184	1	5515	
185	1	478	
186	1	1244	
-1	1	55832	
32	1	34	
52	1	394	
66	1	704	
75	1	30	
87	1	82	
105	1	1008	
123	1	34	
160	1	106	
175	1	72	
188	1	31	
-1	1	2495	
6	1	111	
14	1	4796	
15	1	56	
29	1	192	
30	1	72	
31	1	370	
35	1	42	
55	1	43	
58	1	150	
73	1	32	
79	1	678	
84	1	50	
87	1	263	
98	1	32	
101	1	428	
118	1	172	
121	1	34	
130	1	235	
135	1	905	
139	1	30	
148	1	50	
150	1	34	
152	1	459	
153	1	368	
154	1	86	
155	1	58	
157	1	108	
162	1	42	
184	1	34	
185	1	80	
186	1	1372	
-1	1	11382	
6	1	62	
14	1	41	
15	1	66	
17	1	27	
30	1	289	
31	1	129	
32	1	58	
38	1	25	
39	1	32	
54	1	74	
57	1	60	
66	1	1655	
73	1	29	
79	1	45	
82	1	86	
83	1	100	
87	1	1556	
89	1	32	
99	1	66	
101	1	64	
105	1	370	
113	1	123	
114	1	40	
118	1	64	
123	1	30	
130	1	26	
135	1	220	
152	1	82	
153	1	1141	
155	1	40	
160	1	42	
165	1	131	
171	1	62	
184	1	212	
-1	1	7079	
37	1	33	
41	1	31	
56	1	28	
66	1	13502	
74	1	56	
75	1	32	
76	1	34	
87	1	56	
105	1	41	
118	1	72	
123	1	26	
175	1	40	
179	1	62	
-1	1	14013	
3	1	160	
6	1	100	
9	1	62	
10	1	258	
15	1	96	
24	1	108	
27	1	110	
30	1	55	
32	1	220	
33	1	113	
34	1	76	
35	1	46	
37	1	98	
39	1	1640	
41	1	30	
46	1	32	
52	1	56	
53	1	222	
54	1	1406	
55	1	204	
57	1	122	
61	1	194	
65	1	208	
66	1	5401	
74	1	98	
75	1	532	
76	1	642	
77	1	447	
84	1	304	
85	1	53	
89	1	33	
90	1	58	
94	1	29	
95	1	42	
99	1	70	
104	1	74	
105	1	70	
109	1	104	
115	1	219	
118	1	31	
119	1	64	
121	1	46	
122	1	71	
123	1	1198	
127	1	62	
128	1	40	
131	1	234	
136	1	184	
141	1	152	
143	1	1458	
146	1	68	
148	1	306	
154	1	25	
155	1	30	
156	1	116	
159	1	42	
160	1	1254	
162	1	649	
167	1	26	
170	1	33	
171	1	26	
172	1	87	
173	1	138	
175	1	322	
177	1	80	
179	1	745	
182	1	71	
187	1	35	
188	1	312	
-1	1	21697	
6	1	130	
9	1	588	
10	1	218	
13	1	140	
15	1	86	
19	1	402	
21	1	30	
26	1	120	
27	1	388	
28	1	340	
30	1	54	
32	1	854	
33	1	678	
34	1	186	
35	1	135	
37	1	832	
39	1	249	
41	1	210	
45	1	26	
47	1	26	
50	1	86	
52	1	110	
53	1	28	
54	1	2536	
55	1	57	
57	1	83	
61	1	216	
62	1	64	
65	1	259	
66	1	10388	
72	1	1092	
74	1	80	
75	1	778	
76	1	1276	
77	1	113	
84	1	1094	
85	1	75	
90	1	46	
94	1	173	
105	1	42	
107	1	664	
108	1	40	
109	1	30	
114	1	314	
115	1	28	
123	1	2274	
127	1	146	
131	1	1266	
134	1	156	
136	1	109	
143	1	240	
144	1	82	
156	1	40	
159	1	34	
160	1	3661	
162	1	178	
172	1	1392	
173	1	174	
175	1	330	
177	1	202	
179	1	2462	
188	1	932	
-1	1	39042	
3	1	123	
6	1	106	
9	1	110	
10	1	487	
13	1	38	
15	1	184	
17	1	27	
23	1	36	
26	1	40	
30	1	152	
32	1	1736	
33	1	640	
34	1	272	
35	1	228	
37	1	222	
39	1	1068	
41	1	112	
46	1	97	
47	1	57	
50	1	28	
51	1	32	
52	1	142	
53	1	107	
54	1	674	
55	1	343	
57	1	456	
61	1	164	
63	1	140	
65	1	356	
66	1	27324	
72	1	230	
74	1	144	
75	1	4236	
76	1	1066	
77	1	103	
84	1	358	
88	1	35	
89	1	96	
90	1	82	
95	1	32	
96	1	26	
99	1	54	
104	1	62	
105	1	127	
107	1	176	
109	1	445	
112	1	80	
113	1	28	
115	1	36	
119	1	50	
121	1	39	
123	1	3499	
127	1	41	
131	1	1284	
136	1	663	
137	1	114	
139	1	34	
143	1	619	
146	1	134	
148	1	88	
152	1	26	
154	1	368	
156	1	89	
159	1	38	
160	1	2680	
162	1	1300	
163	1	48	
167	1	104	
171	1	180	
172	1	206	
175	1	814	
177	1	112	
178	1	43	
179	1	1924	
180	1	79	
181	1	30	
182	1	184	
183	1	33	
187	1	242	
188	1	114	
-1	1	58096	
14	1	54	
29	1	56	
35	1	46	
38	1	26	
57	1	32	
66	1	418	
76	1	40	
87	1	185	
105	1	66	
121	1	37	
153	1	34	
160	1	30	
162	1	30	
165	1	80	
186	1	106	
-1	1	1240	
1	1	26	
3	1	116	
6	1	80	
10	1	96	
13	1	392	
14	1	3152	
15	1	264	
17	1	176	
19	1	58	
25	1	562	
27	1	38	
29	1	685	
30	1	1110	
31	1	431	
34	1	26	
35	1	528	
36	1	70	
39	1	600	
41	1	56	
46	1	535	
47	1	105	
50	1	171	
53	1	34	
54	1	416	
55	1	138	
57	1	112	
61	1	116	
66	1	900	
69	1	110	
72	1	50	
73	1	133	
75	1	43	
76	1	968	
77	1	56	
79	1	601	
81	1	160	
82	1	77	
83	1	255	
84	1	243	
85	1	228	
87	1	5162	
89	1	311	
93	1	101	
94	1	99	
96	1	44	
98	1	42	
99	1	510	
101	1	1062	
105	1	82	
109	1	26	
111	1	83	
113	1	48	
114	1	202	
115	1	42	
116	1	121	
117	1	561	
118	1	1720	
119	1	52	
120	1	43	
121	1	65	
124	1	34	
127	1	296	
130	1	310	
135	1	4644	
137	1	65	
139	1	180	
143	1	46	
148	1	653	
150	1	132	
152	1	348	
153	1	1446	
154	1	141	
155	1	348	
156	1	58	
157	1	204	
162	1	251	
163	1	31	
165	1	64	
167	1	78	
175	1	149	
177	1	48	
178	1	176	
179	1	78	
180	1	34	
182	1	114	
184	1	78	
185	1	304	
186	1	442	
187	1	27	
-1	1	35072	
